充電站位置：
(372,3)
(331,4)
(672,4)
(324,8)
(603,9)
(152,11)
(726,15)
(807,15)
(743,17)
(851,22)
(290,23)
(447,24)
(630,24)
(922,25)
(589,26)
(353,27)
(388,27)
(935,29)
(151,34)
(870,34)
(429,36)
(370,37)
(240,38)
(360,38)
(816,40)
(96,41)
(777,42)
(586,45)
(826,48)
(512,54)
(678,55)
(677,71)
(932,73)
(762,76)
(867,78)
(958,81)
(671,84)
(876,84)
(442,85)
(585,86)
(673,89)
(762,94)
(216,97)
(919,107)
(223,109)
(630,113)
(470,124)
(548,129)
(831,130)
(656,133)
(360,135)
(622,135)
(612,137)
(426,138)
(536,142)
(884,146)
(448,148)
(527,149)
(174,156)
(948,158)
(41,164)
(898,165)
(500,167)
(953,179)
(256,181)
(333,181)
(881,184)
(882,184)
(815,188)
(412,198)
(734,199)
(880,199)
(47,202)
(189,205)
(653,205)
(356,206)
(920,224)
(583,227)
(799,227)
(502,232)
(807,237)
(980,240)
(686,246)
(611,247)
(729,252)
(128,255)
(181,258)
(474,261)
(456,264)
(943,272)
(485,278)
(378,280)
(76,281)
(484,286)
(735,286)
(111,289)
(814,289)
(125,293)
(50,294)
(770,296)
(747,297)
(549,298)
(590,305)
(613,309)
(40,310)
(313,312)
(481,313)
(690,315)
(151,316)
(546,329)
(141,333)
(390,334)
(330,335)
(991,335)
(781,336)
(885,339)
(990,341)
(617,342)
(883,345)
(671,347)
(208,348)
(153,350)
(193,350)
(633,350)
(697,350)
(871,351)
(488,352)
(535,353)
(716,353)
(745,354)
(241,356)
(211,359)
(869,359)
(87,360)
(787,361)
(342,364)
(869,365)
(88,368)
(38,370)
(177,372)
(962,372)
(279,373)
(39,377)
(321,382)
(338,382)
(405,382)
(939,384)
(192,385)
(864,387)
(35,389)
(299,396)
(509,399)
(308,401)
(615,402)
(941,402)
(793,406)
(489,411)
(798,412)
(731,414)
(187,418)
(260,418)
(266,420)
(756,424)
(940,429)
(379,434)
(370,437)
(661,437)
(744,442)
(90,448)
(710,449)
(542,458)
(230,460)
(179,462)
(425,462)
(919,463)
(738,472)
(25,475)
(50,475)
(989,476)
(518,478)
(205,480)
(678,487)
(725,489)
(30,494)
(629,494)
(443,500)
(498,501)
(162,503)
(576,503)
(652,504)
(515,505)
(342,507)
(540,508)
(454,509)
(215,513)
(299,514)
(825,515)
(186,519)
(109,520)
(201,521)
(121,523)
(830,524)
(6,529)
(956,529)
(814,531)
(924,531)
(118,536)
(35,538)
(742,542)
(43,544)
(841,545)
(21,546)
(373,547)
(271,549)
(423,550)
(59,551)
(701,553)
(132,554)
(658,555)
(200,559)
(940,562)
(961,568)
(133,569)
(241,571)
(740,571)
(278,574)
(626,578)
(543,583)
(449,587)
(903,588)
(415,589)
(74,590)
(898,591)
(900,591)
(260,597)
(970,599)
(366,600)
(687,606)
(262,607)
(162,608)
(87,611)
(292,612)
(763,616)
(468,620)
(809,624)
(961,625)
(428,627)
(315,628)
(581,630)
(988,631)
(94,632)
(812,637)
(363,640)
(429,644)
(164,645)
(979,647)
(279,652)
(762,654)
(425,655)
(179,661)
(203,661)
(95,664)
(102,665)
(742,666)
(54,668)
(784,669)
(8,674)
(402,679)
(78,689)
(346,693)
(729,701)
(766,711)
(349,712)
(905,712)
(533,714)
(330,717)
(746,717)
(462,720)
(369,725)
(501,727)
(993,727)
(651,729)
(523,742)
(196,743)
(116,751)
(220,751)
(900,754)
(495,757)
(301,758)
(112,760)
(183,760)
(477,761)
(110,763)
(124,766)
(161,771)
(296,771)
(457,774)
(263,775)
(609,775)
(165,777)
(635,778)
(713,778)
(538,779)
(109,780)
(662,781)
(221,783)
(523,784)
(487,786)
(911,787)
(564,788)
(629,789)
(602,791)
(83,792)
(70,793)
(480,793)
(242,795)
(502,795)
(940,795)
(946,798)
(670,809)
(364,811)
(320,815)
(107,818)
(133,824)
(685,827)
(704,829)
(104,830)
(24,831)
(744,837)
(507,842)
(492,843)
(679,844)
(192,851)
(234,851)
(591,855)
(645,860)
(652,867)
(743,867)
(544,868)
(123,871)
(789,871)
(897,871)
(925,879)
(454,880)
(419,883)
(22,887)
(730,887)
(975,888)
(310,889)
(804,891)
(236,892)
(906,892)
(828,893)
(34,896)
(146,896)
(347,896)
(408,897)
(540,897)
(237,898)
(608,904)
(662,908)
(140,914)
(637,914)
(721,926)
(731,926)
(29,928)
(904,928)
(499,929)
(413,930)
(849,931)
(616,933)
(41,937)
(891,944)
(725,946)
(211,948)
(289,948)
(217,951)
(789,951)
(998,951)
(136,952)
(717,953)
(844,953)
(599,955)
(52,961)
(83,964)
(601,964)
(625,967)
(619,969)
(318,974)
(26,975)
(172,979)
(947,979)
(355,982)
(39,985)
(273,987)
(225,991)
(957,992)
(161,993)
(212,995)
(750,999)
點為：
(370.50,16.70)
(364.02,27.71)
(774.79,9.38)
(828.54,21.36)
(832.68,29.40)
(121.42,21.19)
(796.09,33.05)
(610.19,39.08)
(849.44,45.52)
(196.02,24.44)
(546.51,29.03)
(921.37,50.17)
(745.95,48.61)
(952.60,52.30)
(852.42,54.90)
(887.31,57.28)
(454.90,55.35)
(900.34,54.55)
(899.54,55.81)
(683.52,81.89)
(471.33,56.70)
(640.32,60.68)
(639.45,61.55)
(319.53,56.03)
(722.32,56.22)
(352.63,49.98)
(194.69,53.95)
(550.84,64.65)
(798.07,71.60)
(798.45,72.18)
(719.96,65.65)
(623.23,66.42)
(904.70,82.05)
(629.28,68.50)
(626.10,68.50)
(400.07,69.90)
(400.06,69.91)
(939.37,95.30)
(648.63,95.85)
(258.85,80.05)
(483.69,84.62)
(804.06,85.00)
(718.82,85.00)
(541.49,85.98)
(827.43,89.07)
(655.04,107.35)
(717.61,89.47)
(369.90,86.50)
(807.84,90.26)
(613.71,119.53)
(601.14,110.10)
(853.90,107.39)
(387.78,88.32)
(442.62,114.10)
(887.59,114.02)
(638.68,128.61)
(510.65,100.79)
(445.72,123.82)
(281.49,85.47)
(394.68,99.63)
(510.30,106.24)
(863.81,117.09)
(507.88,115.12)
(313.00,86.50)
(581.57,120.46)
(187.89,121.44)
(955.74,119.86)
(153.21,96.75)
(498.76,135.90)
(914.51,138.18)
(131.56,100.83)
(296.25,96.97)
(920.01,140.17)
(476.12,151.69)
(881.50,167.34)
(878.53,164.69)
(715.30,130.63)
(291.67,121.09)
(294.50,127.48)
(105.02,118.83)
(881.50,191.57)
(219.35,154.24)
(850.12,162.44)
(425.00,169.40)
(718.22,138.56)
(778.40,146.70)
(924.84,174.61)
(391.86,161.67)
(846.76,165.55)
(641.03,168.44)
(368.84,171.11)
(768.87,152.07)
(214.41,170.42)
(379.67,171.72)
(575.79,166.69)
(624.91,175.57)
(691.17,170.53)
(848.20,189.35)
(920.90,190.06)
(912.29,193.27)
(910.08,195.38)
(576.35,175.18)
(561.13,183.60)
(608.42,185.52)
(774.60,194.21)
(108.27,172.85)
(824.60,214.72)
(460.35,194.85)
(693.79,205.95)
(616.17,210.17)
(540.36,198.29)
(540.58,198.35)
(954.59,214.77)
(462.41,200.69)
(130.68,196.06)
(113.85,188.24)
(711.05,223.57)
(843.39,217.79)
(456.66,215.89)
(457.41,216.97)
(156.16,227.15)
(759.96,228.18)
(947.82,240.18)
(648.45,242.45)
(388.93,236.48)
(84.52,233.05)
(498.85,256.98)
(98.83,261.67)
(122.94,273.72)
(411.65,245.90)
(43.33,248.17)
(467.46,277.29)
(769.62,255.25)
(772.45,256.44)
(760.21,264.02)
(543.88,251.91)
(466.29,279.72)
(757.50,273.50)
(239.22,239.68)
(787.79,266.06)
(523.81,266.20)
(704.02,273.94)
(575.59,266.98)
(575.39,267.00)
(153.39,276.12)
(294.50,239.50)
(606.51,278.18)
(325.48,255.34)
(293.76,242.47)
(863.23,255.90)
(699.19,279.85)
(157.41,282.56)
(517.58,286.14)
(869.41,260.44)
(648.90,276.81)
(453.30,296.26)
(653.80,282.48)
(258.04,258.01)
(988.45,287.16)
(129.10,314.56)
(514.46,303.05)
(877.62,273.82)
(877.65,274.03)
(794.89,310.67)
(349.02,303.16)
(567.13,315.40)
(720.86,313.47)
(516.09,310.46)
(422.43,298.46)
(759.54,320.39)
(196.04,302.54)
(359.63,312.42)
(194.64,305.04)
(636.56,322.89)
(872.00,338.00)
(159.68,332.55)
(597.92,327.57)
(651.37,313.70)
(685.67,334.07)
(710.02,329.20)
(723.02,320.30)
(649.48,316.58)
(753.38,325.76)
(239.66,289.45)
(850.37,312.76)
(247.02,284.95)
(108.97,322.61)
(431.75,307.25)
(731.48,324.99)
(173.00,331.76)
(85.51,319.94)
(79.63,320.76)
(77.20,322.12)
(511.88,327.59)
(512.02,327.95)
(103.81,326.13)
(201.39,355.71)
(225.17,349.23)
(360.08,339.53)
(882.00,358.00)
(173.00,352.27)
(275.06,330.83)
(947.60,330.85)
(766.81,352.62)
(57.52,340.62)
(580.64,340.18)
(939.47,324.48)
(295.88,342.43)
(936.56,325.03)
(886.00,362.00)
(827.64,333.66)
(317.81,357.03)
(826.88,338.21)
(930.38,339.44)
(329.50,370.67)
(194.00,367.54)
(195.46,367.58)
(304.92,354.56)
(827.62,344.40)
(918.63,353.54)
(439.44,340.59)
(62.92,367.07)
(120.68,359.85)
(120.78,360.01)
(438.60,345.15)
(63.04,369.99)
(300.68,374.35)
(17.50,376.50)
(375.85,364.76)
(511.13,369.86)
(577.40,357.91)
(309.35,387.97)
(612.07,371.87)
(828.05,362.00)
(827.79,367.20)
(957.32,391.08)
(903.98,374.58)
(484.94,381.56)
(371.50,380.00)
(729.52,382.02)
(579.12,370.77)
(249.84,387.20)
(823.81,378.99)
(270.67,395.99)
(901.44,383.94)
(274.55,397.07)
(825.22,384.24)
(329.50,401.76)
(755.84,388.16)
(761.03,387.35)
(761.05,387.36)
(67.28,393.09)
(167.46,398.16)
(700.56,389.14)
(451.96,382.12)
(655.02,386.74)
(229.50,392.46)
(229.99,393.29)
(371.50,397.75)
(901.97,397.23)
(659.48,391.28)
(363.91,403.73)
(678.82,393.42)
(740.45,426.63)
(686.51,396.61)
(223.50,406.65)
(291.41,420.26)
(778.48,423.18)
(131.25,397.82)
(73.34,408.39)
(562.05,398.64)
(692.44,414.66)
(339.68,417.83)
(724.63,433.98)
(898.71,413.95)
(653.80,231.40)
(223.50,423.64)
(561.78,408.21)
(418.33,421.17)
(130.88,406.11)
(440.39,415.65)
(130.45,406.96)
(516.22,433.69)
(893.34,423.67)
(254.15,445.54)
(995.10,417.52)
(728.87,454.57)
(203.82,443.79)
(49.29,430.82)
(997.25,418.35)
(37.50,432.87)
(508.58,442.30)
(204.20,453.38)
(138.14,431.84)
(681.88,457.79)
(716.80,469.26)
(615.57,448.98)
(37.50,481.87)
(955.39,461.99)
(650.36,468.51)
(702.06,474.79)
(651.20,474.39)
(595.41,452.05)
(509.39,490.71)
(473.67,457.41)
(788.65,458.76)
(594.84,453.42)
(473.33,459.35)
(542.55,483.06)
(471.17,463.39)
(529.13,492.90)
(181.02,486.86)
(554.95,483.56)
(386.92,472.77)
(317.23,456.49)
(470.93,477.09)
(132.64,466.80)
(308.44,457.89)
(311.98,458.18)
(279.26,468.14)
(185.06,494.41)
(233.10,489.50)
(851.29,453.07)
(852.29,453.37)
(198.31,500.04)
(196.19,499.84)
(124.56,477.39)
(793.50,467.50)
(125.38,479.96)
(794.07,468.07)
(87.35,487.21)
(950.42,488.75)
(382.46,482.58)
(820.26,523.52)
(937.86,495.80)
(113.35,528.08)
(25.69,516.77)
(257.20,496.32)
(780.25,496.02)
(21.43,530.50)
(874.44,493.42)
(764.34,505.61)
(60.10,512.86)
(392.03,500.24)
(392.62,500.60)
(65.59,511.44)
(257.05,509.14)
(432.04,524.62)
(66.73,511.55)
(68.99,511.28)
(700.30,516.24)
(773.20,505.10)
(827.01,538.95)
(879.04,500.12)
(139.11,534.03)
(714.55,521.58)
(400.20,511.88)
(682.59,522.41)
(149.89,530.20)
(190.87,539.75)
(678.23,526.77)
(878.14,512.16)
(32.43,549.76)
(940.75,541.98)
(158.01,534.98)
(221.46,540.55)
(955.09,548.94)
(239.14,537.01)
(625.74,532.94)
(88.18,542.24)
(227.12,542.40)
(723.59,555.30)
(619.88,535.73)
(608.75,535.33)
(166.61,548.24)
(260.06,565.54)
(563.43,544.62)
(522.73,546.25)
(909.60,558.06)
(464.03,548.80)
(310.06,551.54)
(899.00,587.00)
(884.31,548.75)
(165.80,559.28)
(397.01,564.99)
(879.88,555.14)
(431.06,571.97)
(92.79,560.39)
(101.09,563.59)
(327.03,550.61)
(259.08,577.73)
(98.29,564.87)
(484.20,550.10)
(781.48,559.29)
(582.82,552.62)
(324.38,556.56)
(680.52,575.94)
(386.28,575.72)
(167.89,573.34)
(494.09,555.73)
(494.78,556.28)
(280.64,594.61)
(710.42,583.84)
(105.47,585.04)
(278.84,598.43)
(327.62,567.97)
(943.38,589.92)
(35.77,582.32)
(35.41,582.56)
(657.99,588.75)
(789.48,574.09)
(807.14,577.27)
(324.53,578.44)
(793.56,576.54)
(432.95,604.08)
(495.87,581.98)
(326.02,587.63)
(936.12,595.81)
(584.95,587.95)
(977.16,616.04)
(445.78,610.82)
(935.19,601.51)
(124.35,605.72)
(848.50,594.02)
(725.56,606.76)
(124.53,610.16)
(342.90,618.38)
(973.33,633.28)
(926.74,614.74)
(395.53,616.89)
(208.78,605.04)
(273.88,628.22)
(293.37,634.56)
(393.23,622.15)
(449.88,634.24)
(212.63,611.67)
(211.92,611.74)
(195.08,624.77)
(212.26,611.89)
(191.00,634.72)
(783.30,635.55)
(783.98,636.62)
(100.89,647.80)
(130.91,628.23)
(736.59,634.32)
(58.08,632.31)
(857.97,619.55)
(785.97,642.48)
(43.11,623.64)
(722.70,628.48)
(396.28,637.40)
(396.22,638.31)
(12.78,609.83)
(72.81,648.68)
(24.19,618.79)
(128.52,641.10)
(393.84,648.16)
(239.20,641.32)
(74.74,668.51)
(637.49,633.41)
(332.63,659.48)
(523.37,637.73)
(762.31,677.18)
(95.88,682.88)
(370.40,671.60)
(315.45,667.68)
(468.57,664.62)
(761.80,684.34)
(906.34,651.34)
(899.00,651.64)
(522.11,652.06)
(751.93,689.60)
(750.39,695.30)
(336.79,704.19)
(875.85,652.98)
(931.48,667.52)
(473.36,670.50)
(683.68,664.25)
(141.44,681.18)
(305.76,683.51)
(371.90,698.65)
(376.36,695.44)
(496.41,669.83)
(490.82,671.55)
(438.10,690.57)
(643.52,660.04)
(673.41,668.79)
(518.70,724.68)
(191.00,701.27)
(953.57,692.67)
(222.35,703.95)
(119.32,706.32)
(843.64,692.93)
(246.09,699.47)
(142.55,702.54)
(595.50,694.00)
(36.39,712.34)
(505.82,743.56)
(479.08,737.00)
(481.49,738.70)
(152.23,709.31)
(274.19,708.28)
(345.87,738.70)
(120.34,758.32)
(415.56,723.56)
(153.71,724.13)
(264.32,710.33)
(153.21,727.91)
(116.81,765.38)
(453.30,746.43)
(263.11,724.28)
(145.70,744.79)
(592.48,717.74)
(710.79,737.38)
(78.00,739.50)
(625.32,747.73)
(172.94,767.38)
(277.49,756.42)
(697.01,734.51)
(203.05,761.86)
(115.43,771.85)
(651.10,756.14)
(70.94,735.97)
(524.33,763.00)
(516.23,763.00)
(835.47,715.91)
(488.63,770.85)
(945.82,738.16)
(563.61,747.08)
(568.70,742.54)
(685.70,748.82)
(574.54,740.09)
(204.42,767.50)
(621.83,777.95)
(239.60,766.40)
(88.74,770.28)
(73.71,756.29)
(473.19,777.02)
(61.53,740.04)
(416.60,743.03)
(472.57,778.57)
(240.80,772.72)
(503.78,775.03)
(504.82,774.84)
(933.75,761.08)
(948.34,746.85)
(835.40,725.01)
(342.24,756.41)
(584.25,773.70)
(615.30,787.29)
(962.36,757.78)
(30.96,737.69)
(490.75,796.75)
(647.14,791.76)
(347.32,766.88)
(688.04,788.70)
(192.17,787.74)
(334.71,778.43)
(139.65,789.56)
(101.85,798.68)
(338.74,777.09)
(649.10,799.83)
(135.95,793.84)
(138.62,793.43)
(124.87,799.89)
(401.56,770.04)
(697.28,801.52)
(697.29,801.52)
(773.13,771.10)
(729.17,807.15)
(118.55,827.26)
(488.88,817.31)
(497.95,819.20)
(283.54,806.34)
(81.04,817.89)
(540.90,812.69)
(78.56,819.26)
(526.47,816.16)
(782.97,778.88)
(664.09,829.18)
(189.80,809.88)
(278.99,812.82)
(693.29,839.49)
(172.20,816.30)
(580.57,820.26)
(214.03,819.58)
(213.00,819.77)
(540.19,819.95)
(637.07,824.48)
(652.64,832.12)
(618.22,826.73)
(545.90,825.97)
(620.72,828.17)
(661.36,850.64)
(558.55,829.14)
(122.50,846.33)
(64.03,832.61)
(816.25,784.69)
(914.53,830.76)
(275.03,828.29)
(817.33,786.72)
(720.35,851.23)
(923.55,835.40)
(922.37,835.19)
(827.60,796.47)
(767.41,852.80)
(441.13,828.77)
(422.70,823.17)
(433.09,826.37)
(431.77,826.33)
(155.27,853.30)
(957.09,844.10)
(910.21,877.77)
(711.24,860.58)
(843.00,818.83)
(843.00,820.84)
(818.28,864.67)
(345.50,851.50)
(707.07,862.45)
(283.15,847.70)
(335.63,854.79)
(157.81,862.06)
(51.61,860.02)
(213.00,872.57)
(616.51,873.60)
(377.29,857.86)
(64.34,858.06)
(378.06,862.16)
(272.16,869.69)
(628.40,883.60)
(509.34,878.00)
(630.43,886.01)
(644.59,890.53)
(686.61,880.28)
(74.33,868.65)
(691.05,881.46)
(502.15,882.31)
(574.55,886.99)
(119.61,897.20)
(575.30,887.90)
(272.94,888.93)
(726.00,906.62)
(498.25,885.78)
(496.76,885.90)
(763.76,894.72)
(14.60,909.36)
(619.98,916.30)
(867.04,896.23)
(867.07,896.26)
(696.73,899.86)
(48.40,914.64)
(191.09,896.08)
(438.09,909.32)
(438.89,909.42)
(875.35,908.35)
(766.20,903.72)
(933.34,911.57)
(726.00,935.40)
(766.10,905.59)
(875.90,918.45)
(191.38,902.52)
(275.53,909.97)
(191.30,906.00)
(226.58,924.34)
(711.24,938.35)
(770.36,914.46)
(377.14,918.55)
(944.12,916.19)
(584.37,926.12)
(181.76,917.92)
(813.23,925.18)
(813.87,925.61)
(85.47,908.31)
(86.93,910.12)
(87.20,911.30)
(571.59,923.87)
(322.06,926.53)
(455.93,923.39)
(69.84,938.30)
(817.11,935.32)
(616.60,951.03)
(616.45,951.35)
(103.01,929.32)
(612.73,956.67)
(686.12,934.63)
(867.15,946.69)
(252.36,934.07)
(644.68,943.60)
(328.23,933.41)
(21.06,951.09)
(32.28,955.52)
(172.79,936.66)
(757.29,944.79)
(172.98,940.20)
(952.37,930.84)
(954.03,931.35)
(344.81,939.58)
(367.39,937.48)
(40.12,970.09)
(658.05,946.62)
(922.33,956.17)
(253.28,956.13)
(212.27,972.75)
(148.96,972.22)
(202.91,971.68)
(293.19,972.50)
(974.33,968.33)
(198.09,971.79)
(247.07,965.79)
(755.80,963.87)
(547.28,948.60)
(740.07,971.29)
(670.12,954.19)
(65.44,983.80)
(541.04,972.60)
(117.12,991.64)
邊界點為：
(324.07,0.00)
(351.41,0.00)
(936.81,0.00)
(831.94,0.00)
(700.94,0.00)
(370.50,0.00)
(608.28,0.00)
(878.18,0.00)
(637.03,0.00)
(774.50,0.00)
(418.00,0.00)
(415.41,0.00)
(890.89,0.00)
(323.09,0.00)
(255.85,0.00)
(110.07,0.00)
(203.52,0.00)
(679.51,0.00)
(497.50,0.00)
(689.45,0.00)
(535.95,0.00)
(866.24,0.00)
(1000.00,31.34)
(487.66,0.00)
(0.00,71.87)
(1000.00,125.60)
(1000.00,156.71)
(0.00,189.95)
(565.67,0.00)
(1000.00,194.67)
(0.00,249.58)
(0.00,273.88)
(1000.00,285.82)
(1000.00,339.58)
(0.00,338.70)
(0.00,373.74)
(1000.00,378.18)
(1000.00,417.64)
(0.00,428.51)
(0.00,491.74)
(0.00,499.16)
(1000.00,519.62)
(0.00,549.41)
(1000.00,543.18)
(1000.00,573.48)
(1000.00,603.19)
(1000.00,648.28)
(0.00,608.53)
(1000.00,684.55)
(0.00,753.82)
(0.00,755.11)
(1000.00,782.69)
(1000.00,830.27)
(0.00,858.18)
(0.00,911.85)
(1000.00,914.57)
(0.00,949.74)
(220.65,1000.00)
(184.32,1000.00)
(933.15,1000.00)
(186.80,1000.00)
(249.92,1000.00)
(17.12,1000.00)
(331.74,1000.00)
(301.13,1000.00)
(632.67,1000.00)
(600.69,1000.00)
(1000.00,994.00)
(73.17,1000.00)
(114.01,1000.00)
(700.05,1000.00)
(800.27,1000.00)
(814.75,1000.00)
(894.94,1000.00)
(877.36,1000.00)
(677.09,1000.00)
(423.45,1000.00)
(531.64,1000.00)
(456.82,1000.00)
(779.28,1000.00)
(616.30,1000.00)
(451.59,1000.00)
(461.68,1000.00)
(551.17,1000.00)
(629.12,1000.00)
(0.00,0.00)
(0.00,1000.00)
(1000.00,0.00)
(1000.00,1000.00)
Time:1791ms