充電站位置：
(584,2)
(931,6)
(454,16)
(695,16)
(724,20)
(896,21)
(16,27)
(969,28)
(627,41)
(878,42)
(601,47)
(931,51)
(432,56)
(662,59)
(812,64)
(906,64)
(608,68)
(204,80)
(185,81)
(650,81)
(141,83)
(3,88)
(193,88)
(520,90)
(696,92)
(493,94)
(818,97)
(159,98)
(285,99)
(806,102)
(218,105)
(98,108)
(163,117)
(689,120)
(501,124)
(988,125)
(155,132)
(516,132)
(655,139)
(921,141)
(42,144)
(705,150)
(620,152)
(481,156)
(216,157)
(409,161)
(571,165)
(693,168)
(207,180)
(51,183)
(598,183)
(783,186)
(676,189)
(651,198)
(456,199)
(622,203)
(849,211)
(720,214)
(37,217)
(557,223)
(988,227)
(822,241)
(86,248)
(681,253)
(595,261)
(655,274)
(368,283)
(337,291)
(31,293)
(878,304)
(102,307)
(14,312)
(556,319)
(133,320)
(69,322)
(295,323)
(343,323)
(841,326)
(365,330)
(764,332)
(684,338)
(600,343)
(212,345)
(93,347)
(201,348)
(975,352)
(494,355)
(781,359)
(519,361)
(164,362)
(59,366)
(192,366)
(285,366)
(619,369)
(838,370)
(504,372)
(437,374)
(145,376)
(154,377)
(548,379)
(73,380)
(313,401)
(49,406)
(786,406)
(220,410)
(669,410)
(142,411)
(350,413)
(319,416)
(590,416)
(50,417)
(822,420)
(548,421)
(759,427)
(132,446)
(691,446)
(515,451)
(75,458)
(48,464)
(326,467)
(705,468)
(764,471)
(684,474)
(768,474)
(930,474)
(811,476)
(621,477)
(927,477)
(662,479)
(852,485)
(880,486)
(151,492)
(843,493)
(993,494)
(61,500)
(872,505)
(114,506)
(388,509)
(820,509)
(562,520)
(880,520)
(869,523)
(945,523)
(151,528)
(291,538)
(77,544)
(349,545)
(729,546)
(971,547)
(916,552)
(405,553)
(303,556)
(200,562)
(269,563)
(811,576)
(660,581)
(740,582)
(724,592)
(995,606)
(103,612)
(981,612)
(403,614)
(4,618)
(195,618)
(68,621)
(69,624)
(743,627)
(413,635)
(402,636)
(836,641)
(817,644)
(2,645)
(1,651)
(111,652)
(218,656)
(488,660)
(201,665)
(767,667)
(807,677)
(227,691)
(386,701)
(43,703)
(594,704)
(845,710)
(959,715)
(864,726)
(655,727)
(564,738)
(669,746)
(632,752)
(691,755)
(748,759)
(105,761)
(34,767)
(303,767)
(40,771)
(834,776)
(93,781)
(368,783)
(851,786)
(761,788)
(503,794)
(502,801)
(905,810)
(129,813)
(137,814)
(454,817)
(520,819)
(287,820)
(419,823)
(744,831)
(329,838)
(759,846)
(175,849)
(193,851)
(174,855)
(825,858)
(726,866)
(477,867)
(751,868)
(800,883)
(488,887)
(561,891)
(371,897)
(393,897)
(975,897)
(176,898)
(868,899)
(559,900)
(972,901)
(46,905)
(658,905)
(658,916)
(799,922)
(157,927)
(701,928)
(124,941)
(543,944)
(687,946)
(593,948)
(750,948)
(15,954)
(540,958)
(766,961)
(21,966)
(615,976)
(869,979)
(139,993)
(687,995)
(28,999)
點為：
(608.14,18.59)
(919.93,28.50)
(943.34,28.50)
(658.73,22.33)
(909.65,40.49)
(900.08,42.71)
(616.21,53.60)
(638.99,60.72)
(194.39,78.34)
(632.03,64.72)
(520.52,23.10)
(699.92,53.94)
(704.55,53.88)
(499.12,42.19)
(546.39,41.92)
(475.62,53.94)
(162.69,75.27)
(804.85,82.35)
(674.53,80.11)
(86.10,38.04)
(206.51,95.01)
(851.93,73.79)
(177.40,97.76)
(248.76,71.36)
(562.15,71.62)
(179.14,103.68)
(56.90,67.60)
(508.56,105.92)
(973.04,77.57)
(669.70,100.30)
(517.59,110.96)
(752.70,72.60)
(753.08,74.17)
(864.71,87.73)
(136.71,112.61)
(660.71,109.29)
(132.03,112.06)
(129.54,112.77)
(939.29,97.48)
(50.87,96.24)
(191.75,116.72)
(946.20,98.24)
(618.20,109.40)
(625.19,112.35)
(732.59,116.02)
(458.03,119.39)
(194.68,130.14)
(571.68,109.70)
(563.41,115.32)
(499.32,145.20)
(583.78,114.32)
(873.19,110.35)
(439.09,112.57)
(680.11,144.01)
(749.51,113.40)
(679.65,146.10)
(442.07,116.30)
(187.47,139.69)
(363.94,96.11)
(254.23,132.43)
(595.31,157.78)
(666.22,163.70)
(759.50,134.42)
(180.62,156.42)
(654.54,168.60)
(645.86,168.02)
(445.39,164.06)
(87.96,153.93)
(622.98,177.42)
(632.46,177.05)
(857.31,147.52)
(834.59,153.70)
(832.68,154.46)
(728.04,178.36)
(740.58,175.42)
(702.70,193.23)
(107.15,165.96)
(570.17,195.49)
(523.94,181.10)
(964.77,176.00)
(523.62,184.25)
(813.19,205.92)
(74.20,212.43)
(590.53,216.36)
(687.31,220.31)
(673.54,221.39)
(508.88,200.98)
(118.29,188.69)
(593.15,224.85)
(139.30,201.18)
(646.08,236.36)
(642.71,236.54)
(919.38,211.36)
(630.48,242.23)
(396.40,224.65)
(330.71,202.58)
(768.28,237.76)
(315.05,193.90)
(307.59,195.92)
(46.63,256.00)
(299.73,203.02)
(868.70,255.88)
(915.95,241.14)
(547.10,270.90)
(137.55,265.69)
(68.71,282.98)
(71.46,283.61)
(839.68,281.67)
(165.35,247.54)
(356.85,303.84)
(266.46,241.98)
(360.49,306.12)
(760.81,265.99)
(740.54,273.54)
(319.00,310.94)
(693.53,295.11)
(593.69,302.23)
(799.51,290.65)
(617.79,300.76)
(194.51,262.95)
(90.46,325.42)
(41.11,319.15)
(234.35,261.75)
(188.71,281.27)
(492.40,270.33)
(720.94,294.14)
(110.60,329.95)
(488.28,273.76)
(947.31,285.94)
(515.48,320.60)
(170.94,324.44)
(802.32,326.72)
(640.72,319.04)
(451.77,282.66)
(69.74,345.31)
(180.17,348.83)
(506.20,359.27)
(37.68,338.02)
(443.21,297.63)
(426.47,310.33)
(641.53,332.59)
(139.02,348.00)
(150.88,364.09)
(546.95,348.33)
(254.07,336.14)
(813.03,346.20)
(78.33,360.67)
(124.84,351.04)
(211.39,364.45)
(567.08,351.01)
(319.00,351.24)
(880.80,350.82)
(175.63,380.59)
(326.56,361.45)
(53.20,385.80)
(524.59,384.35)
(224.06,376.51)
(583.63,374.91)
(659.60,370.48)
(341.10,367.04)
(147.57,393.85)
(806.50,380.05)
(343.82,369.03)
(470.71,380.14)
(109.07,379.30)
(584.35,380.07)
(243.13,374.16)
(813.10,389.59)
(333.25,401.60)
(385.94,376.64)
(566.80,400.00)
(748.92,386.18)
(109.70,390.60)
(726.94,374.19)
(522.10,400.00)
(907.27,366.86)
(725.95,378.75)
(78.21,408.89)
(720.67,383.20)
(182.17,403.17)
(180.94,405.62)
(629.10,407.68)
(509.26,411.53)
(716.41,405.75)
(266.86,409.21)
(97.72,417.28)
(93.67,418.50)
(96.43,418.42)
(57.02,440.84)
(336.92,439.52)
(471.81,416.75)
(725.79,439.32)
(691.65,461.04)
(911.34,397.82)
(631.06,433.51)
(268.62,427.45)
(785.69,446.25)
(792.59,442.33)
(654.78,443.41)
(668.15,455.16)
(792.70,443.33)
(790.88,445.26)
(643.24,442.24)
(892.07,414.86)
(735.39,451.97)
(890.24,418.51)
(867.68,438.34)
(837.72,452.17)
(896.16,443.16)
(181.39,441.18)
(980.73,423.41)
(833.17,472.88)
(65.30,478.10)
(185.36,450.88)
(865.80,491.20)
(107.58,471.37)
(123.90,476.27)
(823.98,490.19)
(377.60,457.60)
(267.31,449.07)
(574.23,462.39)
(415.51,442.59)
(857.15,499.85)
(89.41,486.14)
(561.97,469.51)
(569.59,468.44)
(948.22,495.22)
(872.55,514.34)
(893.81,503.00)
(958.98,491.92)
(438.17,450.82)
(852.53,511.01)
(788.34,499.91)
(136.66,510.00)
(907.62,503.00)
(913.08,508.97)
(843.75,518.61)
(346.63,503.31)
(86.05,515.80)
(732.84,502.13)
(974.33,517.31)
(740.94,505.91)
(253.23,475.26)
(912.59,519.59)
(705.77,510.45)
(323.80,510.04)
(321.29,530.81)
(199.79,510.00)
(229.78,488.26)
(229.47,489.22)
(378.58,537.92)
(772.72,523.12)
(285.06,554.96)
(235.24,511.12)
(683.83,524.17)
(943.60,550.60)
(463.05,505.29)
(115.92,544.88)
(677.67,530.33)
(836.14,545.27)
(638.98,529.57)
(883.04,552.83)
(778.58,537.54)
(720.33,568.33)
(619.48,536.88)
(773.23,552.17)
(695.59,565.64)
(481.01,524.66)
(975.40,579.59)
(120.56,566.32)
(4.48,545.46)
(76.89,583.01)
(372.22,582.46)
(742.88,604.41)
(946.64,584.02)
(37.92,578.46)
(85.58,616.81)
(866.92,578.96)
(406.56,625.18)
(149.31,582.75)
(234.05,593.26)
(150.90,585.84)
(821.27,609.36)
(777.45,602.10)
(869.62,590.76)
(785.28,612.53)
(490.96,572.01)
(92.00,635.00)
(473.22,585.77)
(467.63,596.10)
(199.35,641.33)
(247.93,611.93)
(35.34,633.55)
(35.31,633.89)
(780.93,631.44)
(148.43,623.71)
(339.72,607.89)
(791.43,654.27)
(830.21,666.02)
(331.67,621.78)
(157.71,646.64)
(217.12,674.88)
(41.84,654.72)
(683.37,636.71)
(908.31,625.54)
(43.72,659.46)
(572.08,613.03)
(569.44,613.49)
(841.78,675.33)
(410.88,672.65)
(69.94,668.09)
(647.81,653.67)
(303.01,642.14)
(673.49,654.55)
(913.49,651.43)
(896.43,668.20)
(905.11,665.34)
(438.37,683.90)
(310.52,647.95)
(310.12,648.18)
(309.32,651.18)
(539.34,686.00)
(701.43,679.14)
(622.67,720.34)
(695.97,711.47)
(709.46,694.12)
(98.35,705.97)
(649.92,745.40)
(723.09,705.89)
(307.07,686.93)
(775.80,716.78)
(599.26,738.88)
(57.85,737.72)
(834.19,742.12)
(148.74,708.74)
(68.22,738.18)
(794.25,730.06)
(857.24,755.94)
(345.33,735.05)
(70.65,753.99)
(797.24,735.96)
(497.49,726.78)
(166.00,726.00)
(793.25,756.13)
(457.41,731.26)
(915.26,752.99)
(893.23,763.74)
(121.90,784.74)
(137.49,777.54)
(448.76,742.14)
(520.88,800.12)
(429.38,753.50)
(426.40,761.06)
(472.75,793.25)
(180.63,751.50)
(547.94,781.72)
(717.17,790.24)
(329.99,797.38)
(319.98,801.04)
(715.06,794.70)
(772.57,817.43)
(190.18,794.39)
(206.17,770.19)
(222.41,771.59)
(219.39,772.99)
(821.82,816.16)
(659.05,801.72)
(183.61,853.52)
(802.77,814.07)
(798.12,818.31)
(485.88,832.63)
(487.69,833.31)
(586.16,802.49)
(739.29,850.71)
(739.74,851.45)
(373.64,828.32)
(863.28,831.13)
(142.09,846.60)
(792.31,850.31)
(679.12,819.76)
(442.12,852.76)
(778.54,865.56)
(376.97,848.30)
(382.00,851.57)
(515.93,858.61)
(874.24,849.40)
(597.99,822.26)
(188.32,875.88)
(658.10,826.39)
(657.80,826.33)
(54.90,837.47)
(127.18,860.06)
(525.91,863.31)
(69.96,843.17)
(618.89,832.94)
(430.18,868.49)
(926.89,864.05)
(524.58,887.63)
(833.81,891.81)
(694.11,889.18)
(920.60,868.68)
(682.71,910.50)
(767.49,901.68)
(831.10,903.31)
(117.86,880.63)
(116.69,879.21)
(111.90,876.43)
(106.59,876.22)
(735.39,905.83)
(678.65,925.06)
(441.31,899.66)
(602.81,905.01)
(760.24,908.12)
(737.81,907.84)
(608.99,901.54)
(520.32,910.85)
(614.92,910.50)
(569.39,928.69)
(774.24,934.51)
(630.15,941.45)
(51.91,943.05)
(567.16,956.50)
(843.11,939.32)
(718.22,955.84)
(262.12,902.58)
(490.12,939.99)
(648.26,954.43)
(151.99,961.09)
(919.26,938.37)
(71.96,951.26)
(717.75,970.50)
(654.96,970.50)
(271.03,915.26)
(273.62,921.87)
(817.33,970.97)
(76.84,971.40)
(572.82,986.50)
(730.80,987.98)
(82.69,981.08)
(448.74,970.29)
(273.94,982.89)
(275.61,994.80)
邊界點為：
(711.98,0.00)
(907.71,0.00)
(959.84,0.00)
(625.00,0.00)
(650.52,0.00)
(850.25,0.00)
(827.33,0.00)
(518.03,0.00)
(789.00,0.00)
(377.55,0.00)
(190.26,0.00)
(159.27,0.00)
(0.00,55.48)
(103.14,0.00)
(265.49,0.00)
(335.83,0.00)
(1000.00,72.29)
(0.00,131.67)
(0.00,174.23)
(1000.00,176.00)
(0.00,181.88)
(0.00,252.32)
(0.00,282.37)
(1000.00,291.42)
(0.00,369.42)
(0.00,372.50)
(0.00,416.00)
(0.00,438.41)
(1000.00,420.97)
(1000.00,527.97)
(0.00,501.68)
(1000.00,569.58)
(0.00,543.30)
(0.00,631.28)
(0.00,647.75)
(1000.00,637.00)
(1000.00,669.91)
(0.00,694.77)
(0.00,729.59)
(0.00,824.50)
(1000.00,801.15)
(1000.00,805.22)
(0.00,839.93)
(1000.00,918.88)
(0.00,910.20)
(0.00,969.00)
(0.00,987.70)
(647.17,1000.00)
(735.97,1000.00)
(569.58,1000.00)
(83.72,1000.00)
(812.26,1000.00)
(965.94,1000.00)
(382.00,1000.00)
(436.41,1000.00)
(277.76,1000.00)
(0.00,0.00)
(0.00,1000.00)
(1000.00,0.00)
(1000.00,1000.00)
充電站(872,505)的服務範圍為532.858380平方公里
充電站(193,88)的服務範圍為580.977534平方公里
充電站(2,645)的服務範圍為703.797205平方公里
充電站(843,493)的服務範圍為738.708075平方公里
充電站(159,98)的服務範圍為794.760712平方公里
充電站(154,377)的服務範圍為803.978558平方公里
充電站(995,606)的服務範圍為829.311878平方公里
充電站(502,801)的服務範圍為943.830699平方公里
充電站(163,117)的服務範圍為1035.969369平方公里
充電站(931,6)的服務範圍為1076.464286平方公里
充電站(1,651)的服務範圍為1120.304731平方公里
充電站(501,124)的服務範圍為1130.995265平方公里
充電站(880,520)的服務範圍為1170.741633平方公里
充電站(175,849)的服務範圍為1250.074279平方公里
充電站(164,362)的服務範圍為1254.408623平方公里
充電站(693,168)的服務範圍為1287.954505平方公里
充電站(627,41)的服務範圍為1315.259340平方公里
充電站(519,361)的服務範圍為1349.051484平方公里
充電站(852,485)的服務範圍為1378.861234平方公里
充電站(927,477)的服務範圍為1401.860446平方公里
充電站(684,474)的服務範圍為1403.714094平方公里
充電站(192,366)的服務範圍為1409.161123平方公里
充電站(145,376)的服務範圍為1413.075785平方公里
充電站(669,746)的服務範圍為1451.468047平方公里
充電站(676,189)的服務範圍為1477.172480平方公里
充電站(598,183)的服務範圍為1503.465018平方公里
充電站(15,954)的服務範圍為1526.045413平方公里
充電站(689,120)的服務範圍為1535.833579平方公里
充電站(201,348)的服務範圍為1537.591532平方公里
充電站(764,471)的服務範圍為1580.384157平方公里
充電站(896,21)的服務範圍為1642.792678平方公里
充電站(759,846)的服務範圍為1699.608072平方公里
充電站(174,855)的服務範圍為1706.318310平方公里
充電站(28,999)的服務範圍為1720.373221平方公里
充電站(651,198)的服務範圍為1723.538539平方公里
充電站(751,868)的服務範圍為1752.744949平方公里
充電站(93,347)的服務範圍為1767.279041平方公里
充電站(343,323)的服務範圍為1771.374599平方公里
充電站(69,624)的服務範圍為1773.535709平方公里
充電站(662,59)的服務範圍為1813.964272平方公里
充電站(559,900)的服務範圍為1823.938600平方公里
充電站(658,916)的服務範圍為1831.965617平方公里
充電站(73,380)的服務範圍為1871.126887平方公里
充電站(69,322)的服務範圍為1901.163736平方公里
充電站(768,474)的服務範圍為1923.470455平方公里
充電站(650,81)的服務範圍為1946.276887平方公里
充電站(817,644)的服務範圍為1955.717480平方公里
充電站(21,966)的服務範圍為1959.572376平方公里
充電站(869,523)的服務範圍為1995.079402平方公里
充電站(68,621)的服務範圍為2000.888312平方公里
充電站(740,582)的服務範圍為2004.649222平方公里
充電站(811,476)的服務範圍為2006.637208平方公里
充電站(691,446)的服務範圍為2011.044287平方公里
充電站(319,416)的服務範圍為2019.155093平方公里
充電站(786,406)的服務範圍為2022.479446平方公里
充電站(622,203)的服務範圍為2034.795828平方公里
充電站(945,523)的服務範圍為2049.452668平方公里
充電站(655,139)的服務範圍為2052.568230平方公里
充電站(687,946)的服務範圍為2066.528646平方公里
充電站(543,944)的服務範圍為2074.100624平方公里
充電站(14,312)的服務範圍為2090.832042平方公里
充電站(695,16)的服務範圍為2112.203699平方公里
充電站(800,883)的服務範圍為2113.372443平方公里
充電站(601,47)的服務範圍為2119.590195平方公里
充電站(705,468)的服務範圍為2133.146870平方公里
充電站(49,406)的服務範圍為2148.993103平方公里
充電站(50,417)的服務範圍為2161.905537平方公里
充電站(504,372)的服務範圍為2176.103615平方公里
充電站(59,366)的服務範圍為2236.338369平方公里
充電站(548,379)的服務範圍為2239.609189平方公里
充電站(701,928)的服務範圍為2240.438986平方公里
充電站(102,307)的服務範圍為2259.821618平方公里
充電站(75,458)的服務範圍為2264.353979平方公里
充電站(687,995)的服務範圍為2269.117234平方公里
充電站(403,614)的服務範圍為2273.129597平方公里
充電站(313,401)的服務範圍為2298.303997平方公里
充電站(724,592)的服務範圍為2333.568703平方公里
充電站(516,132)的服務範圍為2342.177434平方公里
充電站(880,486)的服務範圍為2358.943008平方公里
充電站(114,506)的服務範圍為2373.100693平方公里
充電站(931,51)的服務範圍為2483.422227平方公里
充電站(218,105)的服務範圍為2545.033042平方公里
充電站(750,948)的服務範圍為2563.660786平方公里
充電站(744,831)的服務範圍為2645.036562平方公里
充電站(548,421)的服務範圍為2659.200465平方公里
充電站(807,677)的服務範圍為2671.039712平方公里
充電站(620,152)的服務範圍為2675.641300平方公里
充電站(4,618)的服務範圍為2688.437970平方公里
充電站(142,411)的服務範圍為2691.187992平方公里
充電站(820,509)的服務範圍為2713.875737平方公里
充電站(185,81)的服務範圍為2735.169726平方公里
充電站(34,767)的服務範圍為2745.502251平方公里
充電站(971,547)的服務範圍為2767.526775平方公里
充電站(3,88)的服務範圍為2789.383900平方公里
充電站(781,359)的服務範圍為2822.795429平方公里
充電站(851,786)的服務範圍為2842.567118平方公里
充電站(31,293)的服務範圍為2872.103877平方公里
充電站(413,635)的服務範圍為2883.503162平方公里
充電站(662,479)的服務範圍為2886.188319平方公里
充電站(477,867)的服務範圍為2891.197548平方公里
充電站(584,2)的服務範圍為2894.853551平方公里
充電站(619,369)的服務範圍為2929.928041平方公里
充電站(705,150)的服務範圍為2930.948590平方公里
充電站(608,68)的服務範圍為2953.006428平方公里
充電站(906,64)的服務範圍為2958.831618平方公里
充電站(132,446)的服務範圍為2961.392086平方公里
充電站(593,948)的服務範圍為2962.913530平方公里
充電站(93,781)的服務範圍為2969.079987平方公里
充電站(493,94)的服務範圍為3044.353776平方公里
充電站(993,494)的服務範圍為3071.925930平方公里
充電站(761,788)的服務範圍為3078.907074平方公里
充電站(48,464)的服務範圍為3117.830126平方公里
充電站(600,343)的服務範圍為3161.493393平方公里
充電站(615,976)的服務範圍為3166.571453平方公里
充電站(878,42)的服務範圍為3182.420511平方公里
充電站(845,710)的服務範圍為3277.155876平方公里
充電站(834,776)的服務範圍為3294.774805平方公里
充電站(759,427)的服務範圍為3337.425729平方公里
充電站(402,636)的服務範圍為3344.710982平方公里
充電站(969,28)的服務範圍為3359.932525平方公里
充電站(590,416)的服務範圍為3365.659504平方公里
充電站(129,813)的服務範圍為3398.114861平方公里
充電站(285,366)的服務範圍為3403.642309平方公里
充電站(818,97)的服務範圍為3432.607683平方公里
充電站(571,165)的服務範圍為3516.503425平方公里
充電站(151,528)的服務範圍為3541.113685平方公里
充電站(799,922)的服務範圍為3542.434824平方公里
充電站(655,274)的服務範圍為3543.792872平方公里
充電站(841,326)的服務範圍為3589.914976平方公里
充電站(481,156)的服務範圍為3591.294649平方公里
充電站(201,665)的服務範圍為3599.044415平方公里
充電站(766,961)的服務範圍為3615.261226平方公里
充電站(696,92)的服務範圍為3617.712026平方公里
充電站(822,420)的服務範圍為3678.542325平方公里
充電站(37,217)的服務範圍為3679.437992平方公里
充電站(103,612)的服務範圍為3697.578237平方公里
充電站(454,817)的服務範圍為3720.664309平方公里
充電站(365,330)的服務範圍為3763.520855平方公里
充電站(681,253)的服務範圍為3778.297292平方公里
充電站(218,656)的服務範圍為3780.200760平方公里
充電站(61,500)的服務範圍為3791.944001平方公里
充電站(303,556)的服務範圍為3805.058000平方公里
充電站(825,858)的服務範圍為3819.545048平方公里
充電站(726,866)的服務範圍為3820.006551平方公里
充電站(137,814)的服務範圍為3834.277382平方公里
充電站(349,545)的服務範圍為3891.792065平方公里
充電站(40,771)的服務範圍為3924.500830平方公里
充電站(595,261)的服務範圍為3929.689410平方公里
充電站(51,183)的服務範圍為3994.523757平方公里
充電站(42,144)的服務範圍為3996.083220平方公里
充電站(151,492)的服務範圍為4118.808366平方公里
充電站(155,132)的服務範圍為4143.420384平方公里
充電站(975,897)的服務範圍為4154.296137平方公里
充電站(724,20)的服務範圍為4162.576732平方公里
充電站(419,823)的服務範圍為4166.271704平方公里
充電站(291,538)的服務範圍為4201.430793平方公里
充電站(806,102)的服務範圍為4205.640526平方公里
充電站(669,410)的服務範圍為4234.951588平方公里
充電站(195,618)的服務範圍為4272.357771平方公里
充電站(748,759)的服務範圍為4338.787538平方公里
充電站(988,125)的服務範圍為4367.358543平方公里
充電站(216,157)的服務範圍為4408.900681平方公里
充電站(767,667)的服務範圍為4418.702846平方公里
充電站(864,726)的服務範圍為4443.810324平方公里
充電站(454,16)的服務範圍為4444.525016平方公里
充電站(520,90)的服務範圍為4494.499506平方公里
充電站(743,627)的服務範圍為4514.768685平方公里
充電站(503,794)的服務範圍為4520.318257平方公里
充電站(729,546)的服務範圍為4554.768942平方公里
充電站(621,477)的服務範圍為4596.280190平方公里
充電站(720,214)的服務範圍為4662.532230平方公里
充電站(691,755)的服務範圍為4688.878910平方公里
充電站(139,993)的服務範圍為4726.056167平方公里
充電站(124,941)的服務範圍為4739.180745平方公里
充電站(655,727)的服務範圍為4781.542334平方公里
充電站(77,544)的服務範圍為4815.944320平方公里
充電站(520,819)的服務範圍為4836.634427平方公里
充電站(494,355)的服務範圍為4869.892805平方公里
充電站(133,320)的服務範圍為4893.491664平方公里
充電站(269,563)的服務範圍為4944.260739平方公里
充電站(350,413)的服務範圍為4964.985258平方公里
充電站(916,552)的服務範圍為5004.608980平方公里
充電站(556,319)的服務範圍為5064.523865平方公里
充電站(561,891)的服務範圍為5078.014840平方公里
充電站(838,370)的服務範圍為5089.759356平方公里
充電站(212,345)的服務範圍為5133.545574平方公里
充電站(930,474)的服務範圍為5156.697196平方公里
充電站(488,887)的服務範圍為5220.072714平方公里
充電站(811,576)的服務範圍為5232.055561平方公里
充電站(157,927)的服務範圍為5241.709614平方公里
充電站(200,562)的服務範圍為5312.667139平方公里
充電站(204,80)的服務範圍為5323.797163平方公里
充電站(43,703)的服務範圍為5324.563805平方公里
充電站(658,905)的服務範圍為5350.368773平方公里
充電站(368,783)的服務範圍為5355.264267平方公里
充電站(16,27)的服務範圍為5367.979164平方公里
充電站(822,241)的服務範圍為5403.981632平方公里
充電站(111,652)的服務範圍為5459.050122平方公里
充電站(98,108)的服務範圍為5517.252932平方公里
充電站(812,64)的服務範圍為5529.427691平方公里
充電站(326,467)的服務範圍為5530.662095平方公里
充電站(329,838)的服務範圍為5573.409643平方公里
充電站(981,612)的服務範圍為5583.904523平方公里
充電站(295,323)的服務範圍為5598.852288平方公里
充電站(836,641)的服務範圍為5627.921685平方公里
充電站(783,186)的服務範圍為5696.751513平方公里
充電站(684,338)的服務範圍為5716.505417平方公里
充電站(764,332)的服務範圍為5752.880050平方公里
充電站(193,851)的服務範圍為5776.550626平方公里
充電站(105,761)的服務範圍為5812.851668平方公里
充電站(557,223)的服務範圍為5885.456924平方公里
充電站(141,83)的服務範圍為5975.091539平方公里
充電站(632,752)的服務範圍為5995.812643平方公里
充電站(337,291)的服務範圍為6011.722636平方公里
充電站(540,958)的服務範圍為6165.942281平方公里
充電站(564,738)的服務範圍為6170.538057平方公里
充電站(868,899)的服務範圍為6312.479246平方公里
充電站(388,509)的服務範圍為6734.851918平方公里
充電站(86,248)的服務範圍為6774.637115平方公里
充電站(287,820)的服務範圍為6850.919518平方公里
充電站(405,553)的服務範圍為6937.420604平方公里
充電站(849,211)的服務範圍為6969.445568平方公里
充電站(220,410)的服務範圍為7182.353767平方公里
充電站(176,898)的服務範圍為7193.076941平方公里
充電站(869,979)的服務範圍為7325.806516平方公里
充電站(972,901)的服務範圍為7466.624293平方公里
充電站(303,767)的服務範圍為7533.107428平方公里
充電站(368,283)的服務範圍為7560.085330平方公里
充電站(988,227)的服務範圍為7707.806289平方公里
充電站(878,304)的服務範圍為7764.910484平方公里
充電站(921,141)的服務範圍為7789.944728平方公里
充電站(594,704)的服務範圍為7901.512089平方公里
充電站(437,374)的服務範圍為8059.711626平方公里
充電站(515,451)的服務範圍為8064.787220平方公里
充電站(456,199)的服務範圍為8097.634569平方公里
充電站(393,897)的服務範圍為8333.807274平方公里
充電站(46,905)的服務範圍為8543.814492平方公里
充電站(905,810)的服務範圍為9065.647388平方公里
充電站(227,691)的服務範圍為9079.269660平方公里
充電站(432,56)的服務範圍為9588.238908平方公里
充電站(975,352)的服務範圍為9904.459797平方公里
充電站(386,701)的服務範圍為9952.934481平方公里
充電站(285,99)的服務範圍為10020.434708平方公里
充電站(959,715)的服務範圍為10374.859509平方公里
充電站(207,180)的服務範圍為10435.735448平方公里
充電站(660,581)的服務範圍為10511.773631平方公里
充電站(409,161)的服務範圍為10921.011640平方公里
充電站(562,520)的服務範圍為11950.796524平方公里
充電站(371,897)的服務範圍為12591.614281平方公里
充電站(488,660)的服務範圍為12993.146050平方公里
Time:1210ms