充電站位置：
(702,0)
(178,3)
(207,6)
(62,8)
(27,15)
(952,16)
(935,22)
(561,28)
(679,29)
(777,30)
(144,31)
(554,31)
(762,35)
(355,36)
(57,43)
(963,43)
(709,44)
(127,45)
(789,47)
(242,54)
(83,55)
(133,56)
(283,57)
(518,58)
(205,60)
(222,63)
(607,63)
(831,63)
(706,65)
(649,67)
(836,68)
(464,69)
(788,70)
(283,71)
(484,79)
(350,80)
(737,82)
(870,82)
(494,83)
(33,85)
(595,85)
(519,86)
(789,86)
(489,90)
(742,93)
(731,95)
(825,95)
(146,97)
(82,98)
(484,98)
(292,101)
(689,107)
(140,111)
(573,111)
(481,119)
(845,119)
(857,122)
(369,123)
(978,123)
(823,128)
(312,132)
(524,133)
(227,137)
(318,139)
(634,139)
(152,149)
(849,152)
(976,153)
(602,169)
(310,171)
(565,172)
(298,173)
(642,174)
(823,175)
(955,181)
(764,187)
(322,188)
(281,189)
(939,189)
(805,191)
(386,193)
(141,195)
(733,195)
(185,196)
(994,198)
(104,201)
(681,205)
(987,205)
(56,208)
(539,211)
(640,213)
(97,214)
(179,215)
(68,221)
(126,224)
(826,224)
(402,226)
(982,227)
(230,228)
(169,230)
(679,231)
(394,232)
(820,235)
(875,235)
(60,237)
(139,238)
(254,239)
(298,239)
(820,239)
(756,242)
(835,242)
(143,249)
(769,252)
(967,252)
(798,253)
(475,255)
(345,257)
(458,265)
(684,265)
(33,270)
(159,270)
(975,271)
(36,273)
(573,274)
(601,275)
(789,280)
(712,287)
(760,290)
(956,291)
(609,293)
(611,293)
(334,294)
(29,296)
(819,296)
(700,299)
(927,302)
(528,304)
(617,307)
(140,309)
(216,310)
(668,310)
(289,312)
(680,312)
(771,323)
(168,325)
(439,330)
(240,332)
(278,332)
(92,335)
(118,335)
(119,335)
(734,335)
(366,337)
(711,338)
(880,339)
(384,343)
(865,343)
(323,348)
(484,350)
(277,352)
(8,356)
(142,363)
(655,367)
(721,370)
(905,374)
(147,382)
(254,382)
(867,385)
(254,386)
(856,389)
(867,395)
(408,401)
(841,401)
(559,403)
(117,405)
(508,405)
(68,408)
(913,408)
(964,410)
(530,414)
(318,417)
(175,418)
(682,422)
(885,423)
(31,424)
(967,426)
(654,427)
(17,428)
(272,431)
(285,439)
(822,442)
(192,443)
(871,443)
(212,445)
(928,445)
(865,450)
(869,452)
(358,455)
(238,459)
(580,460)
(669,460)
(804,462)
(94,463)
(933,463)
(68,468)
(945,473)
(569,475)
(260,485)
(280,486)
(484,489)
(342,492)
(828,492)
(142,497)
(694,499)
(468,501)
(142,505)
(803,507)
(510,512)
(908,515)
(886,516)
(493,519)
(471,522)
(614,526)
(715,526)
(954,529)
(554,530)
(625,531)
(721,531)
(844,534)
(720,535)
(67,540)
(824,552)
(485,556)
(97,559)
(888,559)
(116,560)
(259,560)
(429,561)
(959,562)
(844,563)
(691,564)
(216,566)
(271,566)
(494,569)
(537,572)
(364,576)
(704,576)
(373,577)
(989,578)
(405,591)
(456,592)
(513,592)
(704,593)
(501,594)
(448,596)
(272,599)
(876,600)
(442,601)
(778,603)
(908,604)
(181,606)
(508,606)
(721,609)
(42,611)
(215,615)
(571,615)
(13,616)
(360,618)
(647,618)
(206,620)
(590,621)
(573,622)
(384,627)
(949,628)
(204,629)
(890,635)
(789,639)
(229,641)
(595,641)
(8,643)
(887,643)
(441,644)
(427,647)
(166,649)
(305,650)
(139,651)
(562,656)
(173,657)
(455,657)
(422,661)
(436,664)
(948,672)
(880,675)
(624,676)
(786,683)
(869,683)
(7,685)
(807,689)
(187,694)
(426,695)
(452,697)
(245,698)
(677,698)
(692,698)
(598,701)
(651,708)
(553,711)
(90,716)
(312,724)
(660,726)
(205,730)
(465,730)
(586,733)
(286,735)
(34,737)
(367,740)
(451,740)
(95,745)
(868,746)
(125,748)
(149,748)
(881,748)
(809,753)
(843,753)
(952,753)
(376,754)
(339,755)
(359,761)
(776,761)
(706,762)
(24,764)
(28,764)
(669,766)
(939,768)
(760,770)
(37,779)
(790,781)
(204,782)
(692,784)
(933,784)
(232,786)
(860,787)
(252,788)
(462,790)
(516,797)
(999,797)
(95,800)
(648,802)
(685,804)
(863,804)
(821,806)
(78,810)
(363,812)
(579,812)
(58,813)
(935,813)
(239,814)
(487,817)
(595,819)
(596,822)
(156,823)
(254,825)
(560,825)
(595,830)
(456,836)
(813,836)
(120,837)
(724,839)
(114,841)
(466,844)
(493,847)
(847,848)
(858,849)
(718,853)
(420,854)
(856,856)
(806,858)
(871,860)
(607,864)
(470,865)
(114,868)
(383,869)
(706,874)
(848,875)
(415,876)
(843,876)
(398,877)
(439,878)
(197,879)
(573,879)
(691,879)
(892,879)
(9,888)
(91,891)
(784,892)
(891,892)
(783,898)
(810,898)
(256,899)
(10,900)
(510,900)
(613,901)
(256,909)
(937,912)
(792,913)
(426,916)
(785,916)
(561,921)
(707,923)
(319,926)
(170,928)
(840,928)
(323,929)
(89,934)
(556,935)
(726,936)
(720,937)
(320,938)
(532,938)
(337,939)
(234,940)
(603,943)
(93,951)
(639,951)
(81,952)
(683,956)
(618,958)
(654,965)
(27,976)
(609,979)
(91,980)
(720,980)
(916,980)
(48,981)
(365,984)
(240,985)
(600,986)
(632,987)
(399,990)
(417,990)
(147,991)
(408,992)
(771,992)
(502,993)
(701,993)
(534,995)
(605,995)
(102,998)
(122,999)
(532,999)
點為：
(46.94,23.71)
(700.88,22.73)
(107.39,3.86)
(948.50,33.17)
(731.82,17.81)
(79.53,28.36)
(98.19,20.02)
(140.90,44.56)
(773.69,45.07)
(220.49,32.92)
(828.53,6.36)
(218.45,33.46)
(189.61,32.39)
(632.02,22.76)
(178.15,37.82)
(686.50,51.50)
(487.60,46.80)
(768.12,57.61)
(737.66,52.20)
(873.30,25.70)
(875.00,22.21)
(808.34,59.36)
(730.15,57.74)
(496.75,61.62)
(261.88,64.00)
(21.74,50.71)
(677.24,58.45)
(107.86,62.58)
(507.95,72.38)
(487.84,83.89)
(573.66,59.09)
(321.32,54.46)
(759.65,63.90)
(169.06,56.95)
(570.89,60.74)
(821.26,77.74)
(735.64,89.26)
(811.02,75.82)
(318.04,64.00)
(477.70,88.50)
(810.47,76.63)
(717.46,80.87)
(59.30,72.17)
(762.72,76.94)
(168.48,67.31)
(764.02,79.53)
(61.61,76.01)
(466.75,88.50)
(677.92,78.08)
(107.57,77.08)
(555.63,70.67)
(316.25,77.38)
(847.48,88.42)
(556.81,71.43)
(505.09,96.21)
(556.86,75.04)
(706.79,89.76)
(625.85,87.56)
(113.80,84.65)
(849.38,95.01)
(856.22,99.63)
(405.99,64.08)
(920.09,71.05)
(113.91,91.53)
(829.22,111.82)
(506.46,106.48)
(325.03,101.64)
(802.08,110.17)
(407.56,80.27)
(248.74,95.69)
(507.99,110.94)
(541.91,107.33)
(507.06,112.01)
(630.22,100.65)
(248.47,97.71)
(445.43,103.20)
(248.09,98.41)
(206.49,101.22)
(651.02,104.98)
(337.90,111.04)
(338.57,115.29)
(928.41,90.89)
(606.97,117.44)
(847.26,135.47)
(192.29,105.27)
(839.29,136.43)
(179.20,119.52)
(185.62,118.77)
(424.62,110.28)
(599.33,134.09)
(297.97,150.10)
(556.52,139.86)
(300.61,151.65)
(825.38,151.50)
(581.28,143.11)
(269.67,137.36)
(917.52,119.56)
(623.46,159.82)
(269.85,140.50)
(772.18,134.38)
(771.64,135.64)
(675.94,147.83)
(745.20,141.83)
(921.94,134.33)
(921.60,134.19)
(917.42,131.73)
(263.39,153.25)
(102.18,143.84)
(787.50,151.50)
(341.11,161.78)
(787.95,153.69)
(736.61,144.91)
(722.62,145.19)
(191.62,156.27)
(98.99,148.22)
(352.85,160.82)
(306.38,186.29)
(979.67,177.63)
(117.15,164.98)
(902.36,150.16)
(356.13,163.19)
(163.44,176.05)
(687.94,156.24)
(425.90,146.25)
(698.75,157.12)
(975.71,186.71)
(42.83,146.81)
(72.61,153.85)
(524.71,173.31)
(301.63,193.89)
(657.64,194.35)
(619.39,192.39)
(78.73,195.78)
(162.91,199.47)
(78.17,199.57)
(828.45,199.26)
(123.53,204.34)
(228.48,182.50)
(235.44,182.27)
(113.12,214.30)
(386.21,213.28)
(156.82,211.05)
(887.88,185.39)
(862.42,193.37)
(959.00,209.00)
(857.69,197.47)
(661.99,216.61)
(52.51,223.26)
(958.63,210.12)
(254.22,206.83)
(302.02,209.74)
(147.73,216.86)
(149.45,216.94)
(206.60,213.27)
(754.35,213.68)
(484.59,181.02)
(829.93,233.28)
(800.35,217.14)
(828.20,237.00)
(852.14,222.18)
(276.00,218.59)
(452.92,180.93)
(781.70,217.66)
(803.27,237.00)
(789.93,220.69)
(710.92,220.38)
(155.16,238.35)
(475.29,186.88)
(783.64,219.52)
(784.62,220.09)
(460.07,186.21)
(351.98,216.34)
(947.16,223.10)
(356.66,219.34)
(330.94,223.35)
(587.10,214.90)
(445.16,223.73)
(589.38,218.31)
(88.20,241.10)
(163.60,249.90)
(718.24,231.35)
(199.85,239.73)
(15.74,228.33)
(589.26,224.35)
(588.77,224.81)
(49.80,256.20)
(994.60,251.56)
(783.14,263.05)
(922.77,233.94)
(716.59,242.84)
(718.75,249.59)
(952.97,269.09)
(770.13,272.33)
(610.00,281.78)
(747.19,266.90)
(645.02,253.36)
(822.24,266.80)
(104.90,256.63)
(822.50,267.67)
(24.07,281.93)
(420.55,259.07)
(812.15,272.72)
(737.30,267.73)
(694.04,281.04)
(98.28,257.33)
(640.91,256.84)
(313.88,267.88)
(200.49,259.12)
(928.49,262.19)
(918.96,254.56)
(529.16,256.99)
(522.99,256.26)
(98.94,260.68)
(641.79,264.12)
(610.00,301.71)
(225.53,269.43)
(204.46,265.83)
(126.40,278.24)
(678.77,288.23)
(677.81,288.14)
(300.86,276.41)
(276.00,273.34)
(586.36,292.28)
(646.77,277.11)
(643.75,287.25)
(780.22,301.59)
(165.31,297.20)
(862.16,279.42)
(184.67,294.04)
(253.23,284.26)
(96.62,276.76)
(252.97,293.76)
(793.73,307.25)
(118.50,313.12)
(734.94,305.53)
(93.42,280.31)
(88.42,281.95)
(487.12,295.05)
(723.69,310.69)
(105.00,301.69)
(747.18,312.61)
(259.00,308.52)
(877.14,287.02)
(719.63,314.51)
(72.21,296.59)
(870.77,287.32)
(406.99,285.37)
(385.41,289.15)
(699.54,320.18)
(861.64,300.28)
(391.47,287.56)
(392.40,287.81)
(400.16,288.51)
(317.83,318.83)
(482.07,304.11)
(476.72,305.75)
(339.58,323.26)
(303.07,332.76)
(144.31,333.96)
(259.00,341.07)
(144.95,337.13)
(571.48,320.48)
(299.40,343.09)
(641.01,333.83)
(724.44,351.36)
(669.13,340.24)
(571.89,323.49)
(917.68,338.51)
(678.97,344.71)
(47.68,336.21)
(251.00,355.88)
(118.50,358.86)
(878.47,363.41)
(853.36,364.60)
(881.60,364.29)
(201.97,349.40)
(815.32,345.62)
(688.27,362.67)
(862.59,390.00)
(417.76,362.99)
(182.17,362.59)
(571.17,344.83)
(120.70,378.76)
(818.77,357.84)
(105.70,369.83)
(105.00,369.82)
(536.12,355.81)
(813.21,355.53)
(54.40,363.08)
(764.59,366.28)
(961.93,350.37)
(959.36,351.25)
(531.85,361.86)
(889.04,390.00)
(532.43,376.67)
(90.57,374.98)
(287.67,384.00)
(855.26,403.45)
(598.02,361.05)
(939.49,383.83)
(891.83,395.04)
(302.71,381.21)
(445.83,375.25)
(687.24,385.30)
(890.52,399.67)
(200.05,369.17)
(200.22,369.50)
(35.86,384.47)
(200.80,369.94)
(292.80,387.47)
(14.22,391.78)
(663.11,397.14)
(207.21,384.00)
(355.38,385.03)
(287.32,398.77)
(359.27,387.20)
(359.14,387.28)
(291.78,413.42)
(145.95,411.70)
(458.36,393.92)
(214.69,402.46)
(859.17,419.82)
(204.80,416.02)
(859.04,419.83)
(781.36,384.11)
(938.09,419.37)
(941.19,422.56)
(611.23,396.28)
(868.88,447.25)
(363.10,409.58)
(237.50,418.70)
(907.68,431.70)
(846.95,428.46)
(846.74,428.56)
(239.14,425.74)
(778.09,396.75)
(670.65,439.34)
(93.90,429.40)
(605.70,418.16)
(75.71,438.00)
(59.01,438.00)
(555.22,436.76)
(953.41,447.64)
(767.74,411.27)
(954.86,448.97)
(899.36,447.95)
(546.10,446.67)
(264.93,457.06)
(899.15,453.98)
(265.39,458.13)
(271.21,461.30)
(829.12,466.51)
(502.86,448.96)
(319.69,455.28)
(138.06,446.91)
(839.93,465.21)
(33.55,459.41)
(900.15,462.43)
(746.91,430.06)
(456.69,435.77)
(139.55,449.58)
(149.39,453.69)
(318.66,459.95)
(313.25,465.77)
(624.50,460.32)
(718.57,455.74)
(853.79,477.42)
(806.54,484.57)
(441.45,448.93)
(523.10,461.38)
(524.44,469.48)
(897.49,477.94)
(895.35,479.26)
(739.57,452.46)
(921.21,489.34)
(495.86,501.79)
(483.81,505.41)
(863.77,487.65)
(419.70,461.98)
(480.56,509.92)
(624.50,478.83)
(604.21,489.29)
(541.77,497.12)
(637.25,489.46)
(936.77,503.05)
(748.30,478.43)
(856.51,505.19)
(715.33,531.71)
(751.84,483.35)
(103.12,501.00)
(651.85,498.51)
(752.62,486.95)
(825.91,516.84)
(582.69,508.28)
(88.46,504.29)
(97.48,507.45)
(196.65,497.46)
(819.38,526.76)
(484.18,536.46)
(198.90,500.48)
(199.10,501.00)
(102.21,517.59)
(404.95,497.26)
(108.43,522.78)
(427.69,517.47)
(268.14,522.62)
(897.98,536.99)
(838.95,548.50)
(697.57,541.57)
(870.68,538.26)
(680.77,530.96)
(404.58,502.45)
(206.19,508.22)
(202.17,507.39)
(283.07,526.85)
(231.80,522.13)
(666.60,530.30)
(512.67,542.62)
(864.86,548.50)
(523.39,542.05)
(373.83,528.54)
(515.72,544.35)
(711.18,555.18)
(989.75,540.46)
(456.07,548.03)
(517.29,544.79)
(387.97,523.39)
(307.08,529.55)
(922.98,548.35)
(923.93,550.44)
(398.85,561.48)
(457.44,563.48)
(515.49,570.59)
(504.75,579.47)
(769.70,545.30)
(443.02,576.04)
(320.57,542.49)
(471.60,574.89)
(867.29,575.19)
(166.76,550.35)
(771.05,549.31)
(770.88,550.34)
(431.50,582.30)
(507.84,598.05)
(684.12,584.50)
(255.00,583.00)
(426.79,583.83)
(923.08,570.35)
(894.36,583.12)
(166.31,557.83)
(728.03,584.50)
(478.78,586.74)
(748.24,569.64)
(18.78,562.92)
(746.25,575.11)
(586.64,567.65)
(63.52,578.68)
(586.66,567.68)
(203.36,590.25)
(645.73,572.04)
(366.18,597.40)
(200.78,600.00)
(240.94,587.69)
(595.10,571.76)
(599.35,572.83)
(239.00,590.98)
(669.22,591.18)
(581.17,615.88)
(381.40,601.36)
(379.79,601.72)
(616.39,579.46)
(941.87,593.16)
(316.41,581.14)
(960.17,595.93)
(815.71,590.76)
(542.30,602.75)
(890.43,614.53)
(189.05,620.95)
(215.71,626.88)
(319.36,592.94)
(539.66,609.41)
(219.11,629.55)
(245.80,615.19)
(429.01,622.21)
(477.49,615.76)
(582.21,633.57)
(417.44,618.44)
(413.40,620.02)
(133.68,603.94)
(316.45,606.41)
(150.23,619.38)
(618.76,624.44)
(180.17,629.83)
(465.46,623.06)
(466.61,623.22)
(826.13,607.97)
(30.91,633.28)
(827.91,609.26)
(857.92,627.53)
(185.16,639.30)
(919.49,631.40)
(471.91,624.75)
(575.33,641.53)
(475.05,624.80)
(435.67,653.29)
(103.76,611.50)
(536.93,628.52)
(430.37,656.10)
(536.79,629.06)
(443.57,655.27)
(752.09,630.60)
(685.92,629.25)
(97.33,614.44)
(401.43,645.76)
(627.30,643.75)
(267.91,637.82)
(838.35,632.54)
(921.62,649.39)
(920.58,651.03)
(855.50,652.88)
(153.74,666.79)
(803.33,662.08)
(204.28,660.47)
(837.84,644.93)
(425.72,677.80)
(451.52,676.85)
(834.60,650.83)
(688.14,647.52)
(684.50,649.56)
(205.78,665.74)
(662.64,657.76)
(913.65,665.60)
(594.28,671.11)
(440.04,682.42)
(588.90,671.38)
(265.09,661.61)
(654.31,677.81)
(740.10,657.77)
(217.45,674.99)
(508.53,659.59)
(570.99,685.71)
(79.68,657.25)
(734.55,662.64)
(61.02,665.27)
(61.56,665.53)
(353.90,670.78)
(150.22,686.77)
(667.15,711.18)
(624.73,702.78)
(215.57,702.21)
(287.03,689.03)
(508.68,675.51)
(576.67,711.25)
(284.56,695.38)
(505.70,680.91)
(368.59,682.46)
(50.37,695.49)
(371.12,684.22)
(446.12,718.38)
(356.78,680.68)
(353.84,682.71)
(437.29,718.17)
(684.50,721.71)
(503.65,695.71)
(879.47,714.67)
(138.28,700.09)
(136.61,700.16)
(137.00,700.22)
(897.96,711.26)
(111.94,727.15)
(840.54,712.26)
(845.60,714.14)
(341.33,725.71)
(826.00,720.44)
(172.15,723.92)
(786.31,721.68)
(915.66,711.02)
(784.11,722.40)
(352.46,746.48)
(364.92,751.23)
(621.39,728.02)
(26.00,749.39)
(692.91,731.33)
(919.07,714.03)
(403.37,726.51)
(65.26,735.20)
(623.34,733.08)
(685.05,741.38)
(743.25,717.16)
(741.86,719.02)
(410.86,732.86)
(739.65,721.11)
(917.50,736.24)
(245.09,739.11)
(794.02,763.28)
(309.23,753.67)
(687.70,765.81)
(26.00,775.40)
(860.04,765.73)
(57.64,756.42)
(221.95,756.34)
(244.71,745.37)
(246.02,746.76)
(182.33,755.57)
(871.28,767.92)
(62.52,756.07)
(774.46,776.98)
(476.31,760.64)
(907.48,765.31)
(514.36,745.34)
(625.39,754.80)
(107.40,772.50)
(493.15,761.48)
(817.19,779.00)
(826.00,777.01)
(545.12,758.57)
(72.16,772.50)
(832.27,779.61)
(670.55,787.72)
(622.20,762.83)
(70.34,777.52)
(667.25,789.10)
(64.13,785.73)
(240.83,798.67)
(969.56,781.35)
(378.86,785.10)
(489.50,789.61)
(555.68,770.12)
(896.33,781.41)
(418.42,773.38)
(604.94,774.49)
(841.71,798.99)
(966.60,787.47)
(339.95,788.15)
(609.79,773.98)
(164.52,784.38)
(256.16,806.33)
(896.66,789.30)
(550.71,791.03)
(137.00,786.95)
(299.01,780.75)
(134.34,788.04)
(729.12,792.17)
(964.84,796.37)
(214.98,805.13)
(583.50,824.50)
(463.59,813.60)
(583.06,824.50)
(899.96,800.85)
(128.11,804.57)
(719.46,804.83)
(730.42,798.46)
(621.89,811.70)
(104.63,820.44)
(410.54,792.20)
(471.63,826.71)
(789.28,813.61)
(577.18,829.73)
(97.52,823.73)
(842.79,821.56)
(854.56,825.84)
(835.66,825.97)
(480.80,833.84)
(419.42,807.84)
(413.10,803.69)
(515.26,826.95)
(852.26,851.15)
(760.77,814.30)
(307.07,802.00)
(306.72,803.60)
(864.40,854.62)
(885.81,829.31)
(628.99,830.19)
(693.20,834.09)
(198.06,823.64)
(525.00,831.43)
(478.73,852.46)
(896.59,827.77)
(767.99,822.51)
(390.50,834.36)
(826.34,852.36)
(127.33,854.50)
(632.08,836.03)
(842.90,861.67)
(842.74,861.68)
(399.40,856.32)
(443.11,855.22)
(768.38,833.92)
(405.67,862.31)
(689.97,850.91)
(574.27,850.13)
(199.22,834.37)
(447.42,856.97)
(681.41,842.03)
(448.90,858.14)
(582.13,853.66)
(828.11,859.59)
(906.74,841.60)
(427.80,867.34)
(860.54,869.10)
(664.32,843.39)
(223.90,850.31)
(73.94,851.12)
(77.50,854.50)
(73.23,852.54)
(149.17,858.73)
(763.57,854.66)
(652.88,849.78)
(800.76,878.72)
(819.72,876.83)
(757.43,861.61)
(534.30,859.75)
(496.46,875.12)
(235.47,862.53)
(869.47,882.79)
(532.82,863.45)
(869.38,883.80)
(156.55,865.61)
(595.86,884.79)
(796.50,897.17)
(51.01,861.94)
(938.74,862.44)
(796.50,900.10)
(785.23,906.86)
(425.53,894.62)
(920.21,887.71)
(648.14,876.32)
(745.13,882.43)
(705.84,898.51)
(407.85,899.48)
(317.56,859.95)
(313.25,858.29)
(542.68,893.05)
(309.78,860.52)
(836.30,901.70)
(981.15,861.59)
(743.76,888.38)
(850.91,902.54)
(153.70,887.08)
(49.96,890.63)
(584.72,905.06)
(861.35,904.12)
(346.93,892.93)
(720.79,923.23)
(738.15,897.85)
(535.44,910.64)
(317.50,932.17)
(741.10,896.90)
(221.42,904.00)
(291.14,904.00)
(542.21,922.18)
(354.17,900.17)
(220.01,906.76)
(328.65,935.88)
(750.33,910.74)
(589.54,917.60)
(469.12,906.36)
(815.32,922.68)
(131.14,908.14)
(468.23,909.22)
(205.45,915.60)
(86.34,943.60)
(52.19,910.74)
(625.62,926.20)
(370.34,910.80)
(657.53,909.60)
(128.26,914.28)
(663.49,913.91)
(623.00,938.00)
(580.06,935.70)
(665.06,917.73)
(699.64,942.87)
(662.43,940.93)
(379.52,919.82)
(45.81,925.58)
(282.76,935.06)
(129.68,933.40)
(40.28,933.13)
(88.14,965.23)
(726.67,958.50)
(45.50,944.88)
(598.80,962.20)
(707.66,958.50)
(898.61,937.39)
(633.18,968.55)
(636.12,969.12)
(589.87,963.69)
(384.84,940.44)
(623.98,972.99)
(887.13,940.65)
(389.48,944.60)
(408.00,951.36)
(277.19,947.35)
(764.13,951.44)
(134.90,950.88)
(699.72,970.74)
(69.30,971.96)
(608.24,987.31)
(575.47,962.68)
(805.49,954.14)
(751.18,961.84)
(547.69,965.98)
(519.69,966.97)
(477.70,944.07)
(120.03,967.43)
(124.76,964.57)
(474.82,943.82)
(112.98,978.93)
(277.42,957.11)
(618.14,989.78)
(804.45,958.87)
(518.27,989.64)
(564.50,972.15)
(675.36,982.60)
(460.69,957.77)
(195.62,968.02)
(326.24,976.91)
(192.46,971.90)
(665.74,998.74)
邊界點為：
(192.97,0.00)
(42.20,0.00)
(936.79,0.00)
(672.22,0.00)
(147.00,0.00)
(147.00,0.00)
(544.86,0.00)
(758.67,0.00)
(742.21,0.00)
(108.47,0.00)
(265.64,0.00)
(266.56,0.00)
(502.62,0.00)
(1000.00,12.19)
(305.44,0.00)
(832.42,0.00)
(618.62,0.00)
(621.28,0.00)
(478.06,0.00)
(866.25,0.00)
(425.39,0.00)
(0.00,52.57)
(1000.00,77.47)
(1000.00,139.53)
(1000.00,169.50)
(1000.00,211.00)
(0.00,154.82)
(1000.00,219.52)
(0.00,222.49)
(1000.00,252.42)
(0.00,278.23)
(0.00,319.52)
(1000.00,313.77)
(1000.00,347.81)
(0.00,393.56)
(1000.00,411.53)
(1000.00,470.10)
(1000.00,492.88)
(0.00,502.19)
(1000.00,533.14)
(0.00,503.06)
(0.00,549.58)
(0.00,627.56)
(1000.00,627.80)
(0.00,663.82)
(1000.00,651.17)
(0.00,721.64)
(0.00,739.76)
(1000.00,710.03)
(1000.00,748.83)
(0.00,797.93)
(0.00,825.34)
(0.00,828.61)
(0.00,894.79)
(1000.00,871.75)
(0.00,942.14)
(539.00,1000.00)
(111.92,1000.00)
(414.50,1000.00)
(401.50,1000.00)
(136.10,1000.00)
(516.20,1000.00)
(621.17,1000.00)
(719.74,1000.00)
(585.40,1000.00)
(379.71,1000.00)
(78.50,1000.00)
(32.38,1000.00)
(69.95,1000.00)
(742.21,1000.00)
(568.30,1000.00)
(665.63,1000.00)
(459.20,1000.00)
(194.27,1000.00)
(1000.00,968.70)
(302.63,1000.00)
(302.62,1000.00)
(842.60,1000.00)
(846.53,1000.00)
(0.00,0.00)
(0.00,1000.00)
(1000.00,0.00)
(1000.00,1000.00)
充電站(408,992)的服務範圍為0.000000平方公里
充電站(532,999)的服務範圍為118.145455平方公里
充電站(856,856)的服務範圍為222.168813平方公里
充電站(489,90)的服務範圍為237.619531平方公里
充電站(605,995)的服務範圍為273.745560平方公里
充電站(206,620)的服務範圍為314.123042平方公里
充電站(102,998)的服務範圍為352.135727平方公里
充電站(448,596)的服務範圍為366.142240平方公里
充電站(820,239)的服務範圍為371.470553平方公里
充電站(494,83)的服務範圍為395.825185平方公里
充電站(596,822)的服務範圍為400.213384平方公里
充電站(28,764)的服務範圍為411.432508平方公里
充電站(820,235)的服務範圍為425.078304平方公里
充電站(609,979)的服務範圍為474.708236平方公里
充電站(323,929)的服務範圍為495.131868平方公里
充電站(436,664)的服務範圍為506.208077平方公里
充電站(466,844)的服務範圍為533.251618平方公里
充電站(122,999)的服務範圍為561.985224平方公里
充電站(720,937)的服務範圍為579.204054平方公里
充電站(994,198)的服務範圍為580.151398平方公里
充電站(484,79)的服務範圍為584.869336平方公里
充電站(858,849)的服務範圍為590.192305平方公里
充電站(618,958)的服務範圍為598.451365平方公里
充電站(573,622)的服務範圍為606.922995平方公里
充電站(139,238)的服務範圍為626.176828平方公里
充電站(845,119)的服務範圍為636.035574平方公里
充電站(119,335)的服務範圍為639.158402平方公里
充電站(415,876)的服務範圍為641.523102平方公里
充電站(68,221)的服務範圍為651.468043平方公里
充電站(867,395)的服務範圍為657.950944平方公里
充電站(848,875)的服務範圍為670.366163平方公里
充電站(310,171)的服務範圍為672.163446平方公里
充電站(987,205)的服務範圍為673.205311平方公里
充電站(501,594)的服務範圍為681.407683平方公里
充電站(609,293)的服務範圍為700.820542平方公里
充電站(867,385)的服務範圍為713.051662平方公里
充電站(871,443)的服務範圍為716.615642平方公里
充電站(513,592)的服務範圍為725.520538平方公里
充電站(792,913)的服務範圍為741.948083平方公里
充電站(484,98)的服務範圍為752.770537平方公里
充電站(611,293)的服務範圍為766.372205平方公里
充電站(493,519)的服務範圍為768.763007平方公里
充電站(118,335)的服務範圍為772.515144平方公里
充電站(865,450)的服務範圍為773.551810平方公里
充電站(783,898)的服務範圍為782.506675平方公里
充電站(847,848)的服務範圍為799.081722平方公里
充電站(427,647)的服務範圍為805.892271平方公里
充電站(856,389)的服務範圍為820.543937平方公里
充電站(204,629)的服務範圍為834.762696平方公里
充電站(441,644)的服務範圍為835.417540平方公里
充電站(843,876)的服務範圍為841.779438平方公里
充電站(700,299)的服務範圍為844.160955平方公里
充電站(762,35)的服務範圍為881.042824平方公里
充電站(680,312)的服務範圍為886.416539平方公里
充電站(166,649)的服務範圍為908.596174平方公里
充電站(595,819)的服務範圍為928.068132平方公里
充電站(278,332)的服務範圍為929.655335平方公里
充電站(632,987)的服務範圍為929.674124平方公里
充電站(788,70)的服務範圍為938.345804平方公里
充電站(769,252)的服務範圍為944.605444平方公里
充電站(494,569)的服務範圍為947.863960平方公里
充電站(701,993)的服務範圍為950.987006平方公里
充電站(836,68)的服務範圍為959.866153平方公里
充電站(179,215)的服務範圍為961.102297平方公里
充電站(359,761)的服務範圍為969.508898平方公里
充電站(737,82)的服務範圍為1011.911889平方公里
充電站(595,830)的服務範圍為1015.399317平方公里
充電站(114,841)的服務範圍為1017.332449平方公里
充電站(442,601)的服務範圍為1038.498885平方公里
充電站(702,0)的服務範圍為1045.559161平方公里
充電站(178,3)的服務範圍為1045.899747平方公里
充電站(97,214)的服務範圍為1059.711629平方公里
充電站(399,990)的服務範圍為1076.012147平方公里
充電站(890,635)的服務範圍為1076.622633平方公里
充電站(126,224)的服務範圍為1077.072719平方公里
充電站(24,764)的服務範圍為1094.407407平方公里
充電站(789,280)的服務範圍為1095.797210平方公里
充電站(91,980)的服務範圍為1103.646101平方公里
充電站(704,576)的服務範圍為1105.754273平方公里
充電站(692,784)的服務範圍為1110.937108平方公里
充電站(654,965)的服務範圍為1111.737465平方公里
充電站(885,423)的服務範圍為1118.587892平方公里
充電站(810,898)的服務範圍為1120.886740平方公里
充電站(933,463)的服務範圍為1123.295386平方公里
充電站(120,837)的服務範圍為1126.877413平方公里
充電站(298,173)的服務範圍為1132.498779平方公里
充電站(825,95)的服務範圍為1132.984382平方公里
充電站(798,253)的服務範圍為1139.207693平方公里
充電站(600,986)的服務範圍為1139.927065平方公里
充電站(78,810)的服務範圍為1159.979926平方公里
充電站(868,746)的服務範圍為1178.110515平方公里
充電站(398,877)的服務範圍為1188.447733平方公里
充電站(939,768)的服務範圍為1196.459166平方公里
充電站(871,860)的服務範圍為1199.322895平方公里
充電站(215,615)的服務範圍為1219.745783平方公里
充電站(93,951)的服務範圍為1222.335312平方公里
充電站(81,952)的服務範圍為1224.341229平方公里
充電站(232,786)的服務範圍為1231.178161平方公里
充電站(487,817)的服務範圍為1232.247231平方公里
充電站(826,224)的服務範圍為1233.749518平方公里
充電站(485,556)的服務範圍為1239.942754平方公里
充電站(601,275)的服務範圍為1246.656910平方公里
充電站(982,227)的服務範圍為1247.955108平方公里
充電站(127,45)的服務範圍為1248.117706平方公里
充電站(173,657)的服務範圍為1251.439165平方公里
充電站(456,592)的服務範圍為1257.345174平方公里
充電站(556,935)的服務範圍為1272.622173平方公里
充電站(318,139)的服務範圍為1280.126977平方公里
充電站(869,452)的服務範圍為1283.193645平方公里
充電站(36,273)的服務範圍為1299.289176平方公里
充電站(471,522)的服務範圍為1308.876200平方公里
充電站(169,230)的服務範圍為1313.891934平方公里
充電站(789,47)的服務範圍為1319.555325平方公里
充電站(704,593)的服務範圍為1321.801104平方公里
充電站(706,874)的服務範圍為1331.147547平方公里
充電站(651,708)的服務範圍為1335.231927平方公里
充電站(439,878)的服務範圍為1335.565521平方公里
充電站(860,787)的服務範圍為1348.420712平方公里
充電站(48,981)的服務範圍為1360.198774平方公里
充電站(952,16)的服務範圍為1361.932734平方公里
充電站(470,865)的服務範圍為1363.543933平方公里
充電站(706,65)的服務範圍為1365.674314平方公里
充電站(422,661)的服務範圍為1366.188506平方公里
充電站(456,836)的服務範圍為1366.306483平方公里
充電站(715,526)的服務範圍為1370.075048平方公里
充電站(928,445)的服務範圍為1376.995704平方公里
充電站(711,338)的服務範圍為1387.234464平方公里
充電站(283,71)的服務範圍為1390.692685平方公里
充電站(955,181)的服務範圍為1395.218011平方公里
充電站(143,249)的服務範圍為1423.169222平方公里
充電站(784,892)的服務範圍為1427.085477平方公里
充電站(561,921)的服務範圍為1430.745924平方公里
充電站(709,44)的服務範圍為1431.252940平方公里
充電站(534,995)的服務範圍為1434.814500平方公里
充電站(595,641)的服務範圍為1436.148591平方公里
充電站(312,132)的服務範圍為1438.377247平方公里
充電站(718,853)的服務範圍為1439.185461平方公里
充電站(835,242)的服務範圍為1439.229018平方公里
充電站(954,529)的服務範圍為1441.957641平方公里
充電站(844,534)的服務範圍為1458.304721平方公里
充電站(62,8)的服務範圍為1467.885469平方公里
充電站(721,531)的服務範圍為1470.032801平方公里
充電站(34,737)的服務範圍為1472.727354平方公里
充電站(133,56)的服務範圍為1475.248176平方公里
充電站(677,698)的服務範圍為1496.010537平方公里
充電站(603,943)的服務範圍為1499.875415平方公里
充電站(975,271)的服務範圍為1508.044072平方公里
充電站(142,363)的服務範圍為1510.161611平方公里
充電站(8,643)的服務範圍為1514.822801平方公里
充電站(405,591)的服務範圍為1518.390738平方公里
充電站(639,951)的服務範圍為1519.360335平方公里
充電站(222,63)的服務範圍為1525.683356平方公里
充電站(760,290)的服務範圍為1529.111370平方公里
充電站(254,382)的服務範圍為1529.325736平方公里
充電站(720,535)的服務範圍為1530.033689平方公里
充電站(57,43)的服務範圍為1538.543827平方公里
充電站(285,439)的服務範圍為1539.619911平方公里
充電站(277,352)的服務範圍為1546.622182平方公里
充電站(913,408)的服務範圍為1554.999538平方公里
充電站(731,95)的服務範圍為1558.781583平方公里
充電站(712,287)的服務範圍為1560.867532平方公里
充電站(933,784)的服務範圍為1567.441697平方公里
充電站(813,836)的服務範圍為1573.763309平方公里
充電站(734,335)的服務範圍為1580.102894平方公里
充電站(720,980)的服務範圍為1582.060131平方公里
充電站(272,431)的服務範圍為1587.826523平方公里
充電站(821,806)的服務範圍為1610.162093平方公里
充電站(742,93)的服務範圍為1620.888326平方公里
充電站(843,753)的服務範圍為1628.074480平方公里
充電站(373,577)的服務範圍為1628.910526平方公里
充電站(519,86)的服務範圍為1631.154231平方公里
充電站(805,191)的服務範圍為1633.636923平方公里
充電站(887,643)的服務範圍為1643.336079平方公里
充電站(683,956)的服務範圍為1648.051919平方公里
充電站(256,909)的服務範圍為1653.805872平方公里
充電站(239,814)的服務範圍為1661.514509平方公里
充電站(776,761)的服務範圍為1679.008190平方公里
充電站(141,195)的服務範圍為1681.359892平方公里
充電站(789,86)的服務範圍為1685.696752平方公里
充電站(590,621)的服務範圍為1691.556493平方公里
充電站(207,6)的服務範圍為1706.212237平方公里
充電站(806,858)的服務範圍為1714.886316平方公里
充電站(790,781)的服務範圍為1726.858445平方公里
充電站(668,310)的服務範圍為1728.689732平方公里
充電站(31,424)的服務範圍為1731.996456平方公里
充電站(571,615)的服務範圍為1739.867964平方公里
充電站(707,923)的服務範圍為1750.226247平方公里
充電站(892,879)的服務範圍為1759.748924平方公里
充電站(777,30)的服務範圍為1761.201663平方公里
充電站(660,726)的服務範圍為1766.967406平方公里
充電站(679,29)的服務範圍為1773.079068平方公里
充電站(13,616)的服務範圍為1784.852831平方公里
充電站(785,916)的服務範圍為1786.736749平方公里
充電站(147,382)的服務範圍為1787.244009平方公里
充電站(726,936)的服務範圍為1808.891586平方公里
充電站(823,175)的服務範圍為1814.734731平方公里
充電站(679,231)的服務範圍為1815.711464平方公里
充電站(828,492)的服務範圍為1818.043496平方公里
充電站(95,745)的服務範圍為1820.495361平方公里
充電站(880,675)的服務範圍為1829.602801平方公里
充電站(669,766)的服務範圍為1831.755876平方公里
充電站(125,748)的服務範圍為1832.274399平方公里
充電站(844,563)的服務範圍為1835.532259平方公里
充電站(83,55)的服務範圍為1841.784518平方公里
充電站(976,153)的服務範圍為1844.390129平方公里
充電站(863,804)的服務範圍為1845.672044平方公里
充電站(598,701)的服務範圍為1857.468233平方公里
充電站(886,516)的服務範圍為1862.165896平方公里
充電站(685,804)的服務範圍為1862.498825平方公里
充電站(33,270)的服務範圍為1865.054992平方公里
充電站(140,111)的服務範圍為1871.684881平方公里
充電站(809,753)的服務範圍為1875.804894平方公里
充電站(579,812)的服務範圍為1884.009958平方公里
充電站(493,847)的服務範圍為1896.392533平方公里
充電站(510,512)的服務範圍為1900.763067平方公里
充電站(452,697)的服務範圍為1919.590027平方公里
充電站(212,445)的服務範圍為1930.279619平方公里
充電站(420,854)的服務範圍為1935.092000平方公里
充電站(908,515)的服務範圍為1935.656823平方公里
充電站(254,386)的服務範圍為1948.905779平方公里
充電站(908,604)的服務範圍為1957.500043平方公里
充電站(89,934)的服務範圍為1968.972669平方公里
充電站(95,800)的服務範圍為1990.994890平方公里
充電站(27,15)的服務範圍為2004.098392平方公里
充電站(595,85)的服務範圍為2026.947385平方公里
充電站(823,128)的服務範圍為2027.222870平方公里
充電站(967,252)的服務範圍為2039.847661平方公里
充電站(989,578)的服務範圍為2061.109828平方公里
充電站(259,560)的服務範圍為2061.324945平方公里
充電站(238,459)的服務範圍為2063.965874平方公里
充電站(891,892)的服務範圍為2068.838678平方公里
充電站(144,31)的服務範圍為2079.996738平方公里
充電站(756,242)的服務範圍為2089.868708平方公里
充電站(642,174)的服務範圍為2094.092127平方公里
充電站(554,31)的服務範圍為2096.689113平方公里
充電站(192,443)的服務範圍為2102.805442平方公里
充電站(140,309)的服務範圍為2146.911336平方公里
充電站(888,559)的服務範圍為2154.771141平方公里
充電站(10,900)的服務範圍為2156.755533平方公里
充電站(560,825)的服務範圍為2172.718666平方公里
充電站(37,779)的服務範圍為2178.394604平方公里
充電站(967,426)的服務範圍為2183.662146平方公里
充電站(684,265)的服務範圍為2191.482563平方公里
充電站(624,676)的服務範圍為2193.025576平方公里
充電站(824,552)的服務範圍為2197.929990平方公里
充電站(146,97)的服務範圍為2202.338021平方公里
充電站(159,270)的服務範圍為2203.982300平方公里
充電站(417,990)的服務範圍為2204.578555平方公里
充電站(530,414)的服務範圍為2207.644236平方公里
充電站(880,339)的服務範圍為2210.927943平方公里
充電站(366,337)的服務範圍為2230.877293平方公里
充電站(857,122)的服務範圍為2233.105434平方公里
充電站(959,562)的服務範圍為2241.032661平方公里
充電站(451,740)的服務範圍為2252.470610平方公里
充電站(532,938)的服務範圍為2260.238224平方公里
充電站(537,572)的服務範圍為2264.289464平方公里
充電站(242,54)的服務範圍為2272.317589平方公里
充電站(681,205)的服務範圍為2282.717666平方公里
充電站(561,28)的服務範圍為2284.949497平方公里
充電站(60,237)的服務範圍為2291.791712平方公里
充電站(376,754)的服務範圍為2292.591788平方公里
充電站(104,201)的服務範圍為2293.502555平方公里
充電站(97,559)的服務範圍為2316.870012平方公里
充電站(17,428)的服務範圍為2320.198620平方公里
充電站(185,196)的服務範圍為2320.570907平方公里
充電站(607,864)的服務範圍為2328.142628平方公里
充電站(865,343)的服務範圍為2334.679387平方公里
充電站(339,755)的服務範圍為2341.903174平方公里
充電站(508,606)的服務範圍為2343.273139平方公里
充電站(691,564)的服務範圍為2345.976208平方公里
充電站(573,879)的服務範圍為2347.931421平方公里
充電站(876,600)的服務範圍為2355.618678平方公里
充電站(602,169)的服務範圍為2367.268025平方公里
充電站(114,868)的服務範圍為2370.610068平方公里
充電站(240,332)的服務範圍為2376.886305平方公里
充電站(322,188)的服務範圍為2382.452239平方公里
充電站(426,695)的服務範圍為2392.432537平方公里
充電站(7,685)的服務範圍為2395.454716平方公里
充電站(384,627)的服務範圍為2397.302961平方公里
充電站(455,657)的服務範圍為2397.562489平方公里
充電站(9,888)的服務範圍為2402.287750平方公里
充電站(292,101)的服務範圍為2402.661490平方公里
充電站(260,485)的服務範圍為2407.462559平方公里
充電站(881,748)的服務範圍為2418.581304平方公里
充電站(252,788)的服務範圍為2421.727145平方公里
充電站(320,938)的服務範圍為2440.332776平方公里
充電站(831,63)的服務範圍為2441.149714平方公里
充電站(289,312)的服務範圍為2448.082399平方公里
充電站(337,939)的服務範圍為2452.842087平方公里
充電站(281,189)的服務範圍為2453.939216平方公里
充電站(760,770)的服務範圍為2455.831920平方公里
充電站(229,641)的服務範圍為2459.284725平方公里
充電站(27,976)的服務範圍為2469.113636平方公里
充電站(394,232)的服務範圍為2475.091051平方公里
充電站(147,991)的服務範圍為2475.527454平方公里
充電站(706,762)的服務範圍為2498.947870平方公里
充電站(205,60)的服務範圍為2507.271758平方公里
充電站(822,442)的服務範圍為2507.725906平方公里
充電站(869,683)的服務範圍為2517.671003平方公里
充電站(204,782)的服務範圍為2523.516335平方公里
充電站(168,325)的服務範圍為2551.907511平方公里
充電站(254,239)的服務範圍為2551.941413平方公里
充電站(613,901)的服務範圍為2555.267654平方公里
充電站(565,172)的服務範圍為2584.109104平方公里
充電站(573,111)的服務範圍為2585.771114平方公里
充電站(280,486)的服務範圍為2589.301792平方公里
充電站(271,566)的服務範圍為2591.911877平方公里
充電站(367,740)的服務範圍為2593.107026平方公里
充電站(334,294)的服務範圍為2600.720630平方公里
充電站(360,618)的服務範圍為2617.096157平方公里
充電站(205,730)的服務範圍為2617.471966平方公里
充電站(142,497)的服務範圍為2628.517266平方公里
充電站(402,226)的服務範圍為2645.751111平方公里
充電站(569,475)的服務範圍為2666.542304平方公里
充電站(945,473)的服務範圍為2676.694369平方公里
充電站(849,152)的服務範圍為2682.524632平方公里
充電站(807,689)的服務範圍為2682.963027平方公里
充電站(365,984)的服務範圍為2690.254636平方公里
充電站(187,694)的服務範圍為2696.084789平方公里
充電站(905,374)的服務範圍為2711.376978平方公里
充電站(319,926)的服務範圍為2712.918606平方公里
充電站(502,993)的服務範圍為2714.591507平方公里
充電站(607,63)的服務範圍為2716.587091平方公里
充電站(29,296)的服務範圍為2727.443459平方公里
充電站(465,730)的服務範圍為2728.525576平方公里
充電站(298,239)的服務範圍為2731.886826平方公里
充電站(323,348)的服務範圍為2750.352560平方公里
充電站(724,839)的服務範圍為2777.018285平方公里
充電站(614,526)的服務範圍為2779.062345平方公里
充電站(384,343)的服務範圍為2788.871148平方公里
充電站(649,67)的服務範圍為2789.024895平方公里
充電站(149,748)的服務範圍為2792.303941平方公里
充電站(94,463)的服務範圍為2822.879452平方公里
充電站(286,735)的服務範圍為2823.728941平方公里
充電站(634,139)的服務範圍為2834.173435平方公里
充電站(554,530)的服務範圍為2848.975957平方公里
充電站(117,405)的服務範圍為2848.997070平方公里
充電站(181,606)的服務範圍為2850.681315平方公里
充電站(999,797)的服務範圍為2852.536997平方公里
充電站(230,228)的服務範圍為2891.328833平方公里
充電站(691,879)的服務範圍為2891.888511平方公里
充電站(312,724)的服務範圍為2894.981288平方公里
充電站(8,356)的服務範圍為2930.114948平方公里
充電站(640,213)的服務範圍為2983.480024平方公里
充電站(234,940)的服務範圍為2984.944495平方公里
充電站(764,187)的服務範圍為2994.403296平方公里
充電站(518,58)的服務範圍為3006.869801平方公里
充電站(345,257)的服務範圍為3011.773635平方公里
充電站(669,460)的服務範圍為3012.921380平方公里
充電站(654,427)的服務範圍為3030.582648平方公里
充電站(573,274)的服務範圍為3041.492509平方公里
充電站(256,899)的服務範圍為3042.549469平方公里
充電站(364,576)的服務範圍為3045.362792平方公里
充電站(272,599)的服務範圍為3045.811011平方公里
充電站(562,656)的服務範圍為3060.481961平方公里
充電站(841,401)的服務範圍為3062.307687平方公里
充電站(58,813)的服務範圍為3082.820342平方公里
充電站(175,418)的服務範圍為3097.256049平方公里
充電站(68,408)的服務範圍為3106.702871平方公里
充電站(648,802)的服務範圍為3112.385439平方公里
充電站(580,460)的服務範圍為3151.455057平方公里
充電站(462,790)的服務範圍為3158.093084平方公里
充電站(484,489)的服務範圍為3159.261715平方公里
充電站(91,891)的服務範圍為3161.052368平方公里
充電站(733,195)的服務範圍為3167.298370平方公里
充電站(617,307)的服務範圍為3171.114870平方公里
充電站(803,507)的服務範圍為3171.936512平方公里
充電站(524,133)的服務範圍為3185.701833平方公里
充電站(216,310)的服務範圍為3193.998285平方公里
充電站(283,57)的服務範圍為3206.371883平方公里
充電站(142,505)的服務範圍為3207.099836平方公里
充電站(468,501)的服務範圍為3215.824136平方公里
充電站(152,149)的服務範圍為3221.991107平方公里
充電站(383,869)的服務範圍為3234.778028平方公里
充電站(458,265)的服務範圍為3237.454246平方公里
充電站(819,296)的服務範圍為3262.393707平方公里
充電站(625,531)的服務範圍為3283.048770平方公里
充電站(956,291)的服務範圍為3322.777840平方公里
充電站(771,992)的服務範圍為3325.230748平方公里
充電站(245,698)的服務範圍為3344.385099平方公里
充電站(429,561)的服務範圍為3350.333773平方公里
充電站(350,80)的服務範圍為3365.385320平方公里
充電站(949,628)的服務範圍為3379.290988平方公里
充電站(786,683)的服務範圍為3385.237545平方公里
充電站(771,323)的服務範圍為3413.133145平方公里
充電站(116,560)的服務範圍為3440.127003平方公里
充電站(510,900)的服務範圍為3471.555064平方公里
充電站(935,22)的服務範圍為3486.078866平方公里
充電站(586,733)的服務範圍為3508.722560平方公里
充電站(689,107)的服務範圍為3531.844163平方公里
充電站(318,417)的服務範圍為3533.892793平方公里
充電站(789,639)的服務範圍為3537.801500平方公里
充電站(156,823)的服務範圍為3540.790933平方公里
充電站(721,609)的服務範圍為3567.289845平方公里
充電站(682,422)的服務範圍為3607.883172平方公里
充電站(516,797)的服務範圍為3621.494288平方公里
充電站(240,985)的服務範圍為3672.090715平方公里
充電站(68,468)的服務範圍為3678.671939平方公里
充電站(778,603)的服務範圍為3732.181557平方公里
充電站(694,499)的服務範圍為3755.644108平方公里
充電站(964,410)的服務範圍為3774.646190平方公里
充電站(92,335)的服務範圍為3845.580845平方公里
充電站(692,698)的服務範圍為3878.266880平方公里
充電站(939,189)的服務範圍為3925.183494平方公里
充電站(927,302)的服務範圍為3926.870752平方公里
充電站(508,405)的服務範圍為3952.593274平方公里
充電站(952,753)的服務範圍為4028.994757平方公里
充電站(804,462)的服務範圍為4035.527030平方公里
充電站(439,330)的服務範圍為4043.755379平方公里
充電站(963,43)的服務範圍為4052.067998平方公里
充電站(254,825)的服務範圍為4063.978708平方公里
充電站(978,123)的服務範圍為4105.287044平方公里
充電站(197,879)的服務範圍為4133.289617平方公里
充電站(484,350)的服務範圍為4138.226559平方公里
充電站(90,716)的服務範圍為4150.131548平方公里
充電站(216,566)的服務範圍為4177.676103平方公里
充電站(82,98)的服務範圍為4183.785306平方公里
充電站(935,813)的服務範圍為4216.079268平方公里
充電站(553,711)的服務範圍為4224.915497平方公里
充電站(475,255)的服務範圍為4307.598840平方公里
充電站(647,618)的服務範圍為4326.669199平方公里
充電站(655,367)的服務範圍為4335.674120平方公里
充電站(426,916)的服務範圍為4360.959267平方公里
充電站(170,928)的服務範圍為4372.107306平方公里
充電站(870,82)的服務範圍為4413.839282平方公里
充電站(358,455)的服務範圍為4465.137520平方公里
充電站(721,370)的服務範圍為4550.177044平方公里
充電站(386,193)的服務範圍為4557.814358平方公里
充電站(42,611)的服務範圍為4663.755393平方公里
充電站(139,651)的服務範圍為4743.099033平方公里
充電站(305,650)的服務範圍為4752.405962平方公里
充電站(875,235)的服務範圍為4810.987267平方公里
充電站(481,119)的服務範圍為4885.630620平方公里
充電站(369,123)的服務範圍為4920.185141平方公里
充電站(840,928)的服務範圍為4943.788189平方公里
充電站(33,85)的服務範圍為4950.114880平方公里
充電站(528,304)的服務範圍為5018.814639平方公里
充電站(342,492)的服務範圍為5021.094702平方公里
充電站(559,403)的服務範圍為5023.841637平方公里
充電站(227,137)的服務範圍為5041.258061平方公里
充電站(539,211)的服務範圍為5226.210631平方公里
充電站(948,672)的服務範圍為5230.575117平方公里
充電站(363,812)的服務範圍為5372.653567平方公里
充電站(56,208)的服務範圍為5379.795715平方公里
充電站(67,540)的服務範圍為5648.798623平方公里
充電站(355,36)的服務範圍為6072.476245平方公里
充電站(408,401)的服務範圍為6413.317512平方公里
充電站(464,69)的服務範圍為6569.091668平方公里
充電站(916,980)的服務範圍為6665.839641平方公里
充電站(937,912)的服務範圍為7807.690685平方公里
Time:3375ms