rk 	nk	pr(rk)	sk
  0	0	0.00000	0.00
  1	0	0.00000	0.00
  2	0	0.00000	0.00
  3	0	0.00000	0.00
  4	0	0.00000	0.00
  5	0	0.00000	0.00
  6	0	0.00000	0.00
  7	0	0.00000	0.00
  8	0	0.00000	0.00
  9	0	0.00000	0.00
 10	0	0.00000	0.00
 11	0	0.00000	0.00
 12	0	0.00000	0.00
 13	0	0.00000	0.00
 14	0	0.00000	0.00
 15	0	0.00000	0.00
 16	0	0.00000	0.00
 17	0	0.00000	0.00
 18	0	0.00000	0.00
 19	0	0.00000	0.00
 20	0	0.00000	0.00
 21	0	0.00000	0.00
 22	0	0.00000	0.00
 23	0	0.00000	0.00
 24	1	0.00000	0.00
 25	3	0.00001	0.00
 26	12	0.00005	0.02
 27	26	0.00010	0.04
 28	36	0.00014	0.08
 29	82	0.00031	0.16
 30	116	0.00044	0.27
 31	155	0.00059	0.42
 32	205	0.00078	0.62
 33	262	0.00100	0.87
 34	341	0.00130	1.21
 35	463	0.00177	1.66
 36	561	0.00214	2.20
 37	675	0.00257	2.86
 38	831	0.00317	3.67
 39	1017	0.00388	4.66
 40	1114	0.00425	5.74
 41	1391	0.00531	7.09
 42	1559	0.00595	8.61
 43	1723	0.00657	10.28
 44	1785	0.00681	12.02
 45	2015	0.00769	13.98
 46	1994	0.00761	15.92
 47	2050	0.00782	17.92
 48	2074	0.00791	19.93
 49	2141	0.00817	22.02
 50	2014	0.00768	23.97
 51	2021	0.00771	25.94
 52	1855	0.00708	27.74
 53	1779	0.00679	29.48
 54	1717	0.00655	31.15
 55	1635	0.00624	32.74
 56	1531	0.00584	34.23
 57	1367	0.00521	35.55
 58	1242	0.00474	36.76
 59	1282	0.00489	38.01
 60	1063	0.00406	39.04
 61	980	0.00374	40.00
 62	943	0.00360	40.91
 63	953	0.00364	41.84
 64	851	0.00325	42.67
 65	856	0.00327	43.50
 66	765	0.00292	44.25
 67	808	0.00308	45.03
 68	783	0.00299	45.79
 69	791	0.00302	46.56
 70	874	0.00333	47.41
 71	800	0.00305	48.19
 72	772	0.00294	48.94
 73	858	0.00327	49.78
 74	909	0.00347	50.66
 75	903	0.00344	51.54
 76	841	0.00321	52.36
 77	912	0.00348	53.25
 78	938	0.00358	54.16
 79	954	0.00364	55.09
 80	903	0.00344	55.96
 81	902	0.00344	56.84
 82	894	0.00341	57.71
 83	934	0.00356	58.62
 84	930	0.00355	59.52
 85	983	0.00375	60.48
 86	1065	0.00406	61.52
 87	991	0.00378	62.48
 88	1126	0.00430	63.58
 89	1130	0.00431	64.68
 90	1152	0.00439	65.80
 91	1178	0.00449	66.94
 92	1281	0.00489	68.19
 93	1349	0.00515	69.50
 94	1460	0.00557	70.92
 95	1586	0.00605	72.46
 96	1759	0.00671	74.17
 97	1800	0.00687	75.92
 98	2031	0.00775	77.90
 99	1943	0.00741	79.79
100	1943	0.00741	81.68
101	1966	0.00750	83.59
102	1864	0.00711	85.41
103	1860	0.00710	87.22
104	1686	0.00643	88.86
105	1708	0.00652	90.52
106	1533	0.00585	92.01
107	1458	0.00556	93.43
108	1417	0.00541	94.80
109	1363	0.00520	96.13
110	1385	0.00528	97.48
111	1282	0.00489	98.73
112	1400	0.00534	100.09
113	1431	0.00546	101.48
114	1345	0.00513	102.79
115	1386	0.00529	104.14
116	1403	0.00535	105.50
117	1532	0.00584	106.99
118	1565	0.00597	108.51
119	1550	0.00591	110.02
120	1641	0.00626	111.62
121	1836	0.00700	113.40
122	1891	0.00721	115.24
123	1944	0.00742	117.13
124	2124	0.00810	119.20
125	2205	0.00841	121.34
126	2340	0.00893	123.62
127	2338	0.00892	125.89
128	2417	0.00922	128.25
129	2430	0.00927	130.61
130	2304	0.00879	132.85
131	2230	0.00851	135.02
132	2194	0.00837	137.15
133	1979	0.00755	139.08
134	1980	0.00755	141.01
135	1877	0.00716	142.83
136	1886	0.00719	144.67
137	1975	0.00753	146.59
138	2112	0.00806	148.64
139	2218	0.00846	150.80
140	2251	0.00859	152.99
141	2279	0.00869	155.21
142	2440	0.00931	157.58
143	2443	0.00932	159.96
144	2429	0.00927	162.32
145	2338	0.00892	164.59
146	2269	0.00866	166.80
147	2269	0.00866	169.01
148	2239	0.00854	171.19
149	2257	0.00861	173.38
150	2281	0.00870	175.60
151	2300	0.00877	177.84
152	2538	0.00968	180.31
153	2652	0.01012	182.89
154	2787	0.01063	185.60
155	2674	0.01020	188.20
156	2667	0.01017	190.79
157	2506	0.00956	193.23
158	2246	0.00857	195.41
159	2179	0.00831	197.53
160	1977	0.00754	199.46
161	1777	0.00678	201.19
162	1688	0.00644	202.83
163	1533	0.00585	204.32
164	1478	0.00564	205.76
165	1363	0.00520	207.08
166	1267	0.00483	208.31
167	1261	0.00481	209.54
168	1220	0.00465	210.73
169	1175	0.00448	211.87
170	1178	0.00449	213.02
171	1309	0.00499	214.29
172	1256	0.00479	215.51
173	1307	0.00499	216.78
174	1168	0.00446	217.92
175	1198	0.00457	219.09
176	1195	0.00456	220.25
177	1124	0.00429	221.34
178	1027	0.00392	222.34
179	922	0.00352	223.24
180	888	0.00339	224.10
181	779	0.00297	224.86
182	725	0.00277	225.56
183	662	0.00253	226.21
184	615	0.00235	226.81
185	619	0.00236	227.41
186	675	0.00257	228.06
187	664	0.00253	228.71
188	641	0.00245	229.33
189	678	0.00259	229.99
190	793	0.00303	230.76
191	769	0.00293	231.51
192	928	0.00354	232.42
193	924	0.00352	233.31
194	951	0.00363	234.24
195	952	0.00363	235.17
196	905	0.00345	236.05
197	896	0.00342	236.92
198	810	0.00309	237.71
199	841	0.00321	238.52
200	877	0.00335	239.38
201	884	0.00337	240.24
202	863	0.00329	241.08
203	887	0.00338	241.94
204	922	0.00352	242.84
205	1022	0.00390	243.83
206	991	0.00378	244.79
207	1079	0.00412	245.84
208	1058	0.00404	246.87
209	1016	0.00388	247.86
210	976	0.00372	248.81
211	910	0.00347	249.70
212	967	0.00369	250.64
213	755	0.00288	251.37
214	608	0.00232	251.96
215	530	0.00202	252.48
216	441	0.00168	252.91
217	378	0.00144	253.27
218	317	0.00121	253.58
219	268	0.00102	253.84
220	243	0.00093	254.08
221	204	0.00078	254.28
222	179	0.00068	254.45
223	164	0.00063	254.61
224	104	0.00040	254.71
225	80	0.00031	254.79
226	66	0.00025	254.86
227	45	0.00017	254.90
228	39	0.00015	254.94
229	21	0.00008	254.96
230	17	0.00006	254.97
231	6	0.00002	254.98
232	5	0.00002	254.98
233	5	0.00002	254.99
234	5	0.00002	254.99
235	1	0.00000	255.00
236	0	0.00000	255.00
237	0	0.00000	255.00
238	1	0.00000	255.00
239	0	0.00000	255.00
240	0	0.00000	255.00
241	2	0.00001	255.00
242	0	0.00000	255.00
243	0	0.00000	255.00
244	1	0.00000	255.00
245	1	0.00000	255.00
246	0	0.00000	255.00
247	0	0.00000	255.00
248	0	0.00000	255.00
249	0	0.00000	255.00
250	0	0.00000	255.00
251	0	0.00000	255.00
252	0	0.00000	255.00
253	0	0.00000	255.00
254	0	0.00000	255.00
255	0	0.00000	255.00
