                                  充電站   1號( 284,  23)  充電站   2號( 693,  37)  充電站   3號( 928,  39)  充電站   4號( 852, 142)  充電站   5號( 269, 208)  充電站   6號( 222, 344)  充電站   7號( 528, 350)  充電站   8號( 716, 422)  充電站   9號( 124, 441)  充電站  10號( 205, 483)  充電站  11號( 620, 510)  充電站  12號(  12, 565)  充電站  13號( 329, 633)  充電站  14號( 485, 633)  充電站  15號( 271, 651)  充電站  16號( 520, 662)  充電站  17號(  19, 784)  充電站  18號( 288, 786)  充電站  19號(  64, 889)  充電站  20號(  29, 955)

電動車   1號(  76,  21)                   208.010                  617.207                  852.190                  785.377                  268.734                  354.464                  559.057                  755.249                  422.734                  479.672                  731.476                  547.752                  662.233                  736.088                  659.488                  779.754                  765.126                  793.832                  868.083                  935.182
電動車   2號( 161, 189)                   206.603                  553.288                  781.530                  692.597                  109.659                  166.571                  400.762                  601.925                  254.702                  297.274                  560.109                  404.447                  474.721                  549.647                  474.915                  593.810                  611.710                  610.359                  706.689                  777.290
電動車   3號( 611, 189)                   366.722                  172.708                  350.698                  245.540                  342.527                  418.743                  181.135                  255.566                  548.337                  501.270                  321.126                  707.232                  525.985                  461.532                  573.624                  481.674                  839.338                  678.777                  888.374                  962.019
電動車   4號(  16, 247)                   349.285                  708.822                  935.419                  842.568                  255.988                  227.695                  522.258                  721.543                  222.036                  302.352                  658.775                  318.025                  496.956                  607.418                  477.746                  652.871                  537.008                  603.742                  643.792                  708.119
電動車   5號( 257, 257)                   235.553                  488.361                  705.525                  606.012                   50.448                   93.776                  286.514                  487.756                  227.035                  231.905                  442.468                  393.559                  382.832                  439.727                  394.249                  482.902                  578.250                  529.908                  660.812                  734.294
電動車   6號( 451, 264)                   293.206                  331.803                  527.403                  419.148                  190.421                  242.572                  115.434                  308.527                  371.831                  329.358                  298.458                  532.280                  388.645                  370.563                  426.813                  403.937                  676.036                  546.857                  735.115                  809.670
電動車   7號( 882, 284)                   652.476                  311.014                  249.281                  145.134                  617.693                  662.722                  360.100                  215.870                  774.088                  705.642                  346.006                  914.254                  653.919                  528.592                  712.748                  523.381                  997.381                  777.715                 1017.423                 1085.288
電動車   8號( 599, 303)                   421.456                  282.121                  421.826                  299.883                  343.402                  379.223                   85.147                  166.883                  494.640                  433.170                  208.062                  642.816                  426.380                  349.136                  478.213                  367.589                  753.499                  574.465                  793.487                  866.028
電動車   9號( 462, 304)                   332.633                  353.058                  536.079                  422.308                  215.557                  243.311                   80.449                  280.071                  364.709                  313.193                  259.615                  520.212                  354.866                  329.803                  396.093                  362.668                  653.184                  512.445                  707.551                  781.850
電動車  10號( 391, 359)                   352.626                  441.461                  625.115                  509.519                  194.126                  169.664                  137.295                  331.050                  279.308                  223.544                  274.303                  431.366                  280.927                  289.676                  315.696                  329.317                  564.809                  439.247                  622.759                  697.323
電動車  11號( 228, 398)                   379.158                  588.682                  786.690                  674.472                  194.373                   54.332                  303.816                  488.590                  112.539                   88.057                  407.686                  273.029                  255.785                  348.244                  256.628                  393.650                  438.950                  392.612                  517.665                  591.481
電動車  12號( 534, 541)                   575.173                  528.486                  638.154                  510.221                  425.575                  368.989                  191.094                  217.451                  422.019                  334.073                   91.417                  522.551                  224.698                  104.235                  285.077                  121.807                  569.451                  347.190                  584.811                  653.009
電動車  13號( 250, 626)                   603.958                  737.001                  896.802                  772.438                  418.432                  283.387                  391.740                  508.696                  223.833                  149.913                  387.758                  245.693                   79.310                  235.104                   32.650                  272.389                  279.866                  164.451                  322.126                  396.336
電動車  14號( 805, 645)                   811.372                  618.230                  618.357                  505.191                  691.567                  656.117                  404.665                  240.104                  710.899                  621.485                  229.020                  797.025                  476.151                  320.225                  534.034                  285.507                  798.196                  535.882                  780.139                  835.629
電動車  15號( 387, 656)                   641.325                  690.505                  820.591                  693.124                  463.280                  352.943                  336.923                  403.729                  339.697                  251.104                  274.964                  385.883                   62.394                  100.663                  116.108                  133.135                  389.625                  163.404                  398.269                  466.439
電動車  16號( 246, 827)                   804.898                  907.694                 1042.146                  914.582                  619.427                  483.596                  554.124                  620.423                  404.821                  346.435                  490.270                  351.283                  211.009                  307.826                  177.767                  319.845                  231.037                   58.694                  192.271                  251.938
電動車  17號( 878, 853)                  1020.655                  836.708                  815.534                  711.475                  887.077                  830.311                  612.788                  460.440                  859.221                  768.003                  429.200                  912.634                  591.440                  450.388                  639.729                  405.765                  861.767                  593.792                  814.796                  855.105
電動車  18號( 616, 910)                   947.097                  876.389                  925.195                  803.443                  783.079                  689.632                  566.872                  498.141                  679.724                  592.663                  400.020                  695.587                  398.871                  306.415                  431.400                  265.932                  610.152                  350.657                  552.399                  588.722
電動車  19號( 309, 967)                   944.331                 1006.159                 1115.502                  987.661                  760.053                  629.045                  654.714                  680.201                  557.585                  495.047                  552.784                  499.813                  334.598                  377.534                  318.277                  370.872                  342.913                  182.214                  257.117                  280.257
電動車  20號( 326, 998)                   975.904                 1028.693                 1132.292                 1004.695                  792.054                  662.217                  678.755                  695.612                  592.497                  529.024                  569.719                  534.869                  365.012                  398.128                  351.332                  387.985                  374.226                  215.379                  283.769                  300.097
電動車配對的充電站：
電動車   1號配對充電站   1號距離208.010公里
電動車   4號配對充電站  12號距離318.025公里
電動車   5號配對充電站   6號距離93.776公里
電動車   8號配對充電站   8號距離166.883公里
電動車  12號配對充電站  14號距離104.235公里
電動車  13號配對充電站  15號距離32.650公里
電動車  14號配對充電站  11號距離229.020公里
電動車   9號配對充電站   7號距離80.449公里
電動車  15號配對充電站  13號距離62.394公里
電動車  10號配對充電站  10號距離223.544公里
電動車  11號配對充電站   9號距離112.539公里
電動車   2號配對充電站   5號距離109.659公里
電動車   6號配對充電站   2號距離331.803公里
電動車   3號配對充電站   4號距離245.540公里
電動車   7號配對充電站   3號距離249.281公里
電動車  17號配對充電站  16號距離405.765公里
電動車  18號配對充電站  18號距離350.657公里
電動車  16號配對充電站  17號距離231.037公里
電動車  19號配對充電站  19號距離257.117公里
電動車  20號配對充電站  20號距離300.097公里
每公里耗電0.1777度，總耗電量為727.908678度
Time:1121ms